Gv1b1164_139
1
RAW_AUDIO_STREAM
1600
-1746.0
-782.0
81.0
1171.0
1754.0
1111.0
41.0
-589.0
287.0
804.0
-187.0
-584.0
-451.0
10.0
1540.0
1023.0
-551.0
-1426.0
-2142.0
-786.0
1269.0
857.0
1688.0
1920.0
475.0
2456.0
1281.0
-2130.0
-2720.0
-3254.0
-1703.0
1797.0
3005.0
3303.0
1295.0
-1202.0
-1058.0
-709.0
-1071.0
-560.0
-473.0
110.0
1089.0
1524.0
1632.0
502.0
-877.0
-846.0
-621.0
-178.0
468.0
1545.0
1165.0
-871.0
-919.0
-409.0
-1232.0
-904.0
183.0
812.0
2351.0
3907.0
1136.0
-646.0
-1070.0
-2369.0
-2124.0
-1267.0
-193.0
1026.0
1887.0
2468.0
2060.0
539.0
199.0
-1400.0
-2304.0
-2038.0
-790.0
313.0
1538.0
2508.0
1896.0
831.0
-423.0
-1862.0
-2117.0
-1420.0
-52.0
2092.0
2601.0
926.0
-462.0
-853.0
-937.0
-62.0
1001.0
1096.0
882.0
1046.0
1249.0
-991.0
-2177.0
-916.0
-1299.0
-336.0
1580.0
1915.0
1487.0
954.0
475.0
-218.0
-2222.0
-2365.0
-1469.0
-549.0
1680.0
2874.0
1915.0
337.0
71.0
-585.0
-439.0
137.0
-278.0
-1042.0
107.0
1848.0
1629.0
1569.0
570.0
-1931.0
-1669.0
-206.0
119.0
320.0
578.0
855.0
590.0
157.0
-706.0
-2548.0
-2148.0
-173.0
1431.0
2959.0
3510.0
1225.0
-567.0
-1415.0
-2404.0
-2260.0
-829.0
344.0
1871.0
3570.0
3115.0
1427.0
-748.0
-2596.0
-3320.0
-1447.0
671.0
1408.0
1312.0
1960.0
2021.0
-54.0
-1712.0
-2028.0
-1450.0
245.0
1160.0
1130.0
591.0
325.0
-531.0
-368.0
113.0
146.0
990.0
-44.0
783.0
1472.0
417.0
-72.0
-1350.0
-1579.0
-308.0
13.0
486.0
891.0
1167.0
1741.0
1057.0
81.0
-996.0
-1903.0
-2091.0
-1570.0
-179.0
1773.0
2873.0
2573.0
1318.0
-235.0
-913.0
-1364.0
-1903.0
-292.0
-42.0
169.0
1460.0
2285.0
1678.0
-460.0
-1509.0
-1224.0
-747.0
76.0
1083.0
1692.0
580.0
-468.0
538.0
-334.0
-1485.0
-706.0
-318.0
564.0
2425.0
2087.0
430.0
-210.0
-1451.0
-1890.0
-979.0
-130.0
389.0
501.0
806.0
2317.0
2121.0
-292.0
-961.0
-1130.0
-1756.0
-1130.0
769.0
1219.0
1718.0
1438.0
535.0
-108.0
-1393.0
-1096.0
1629.0
1569.0
570.0
-1931.0
-1669.0
-206.0
119.0
320.0
578.0
855.0
590.0
157.0
-706.0
-2548.0
-2148.0
-173.0
1431.0
2959.0
3510.0
1225.0
-567.0
-1415.0
-2404.0
-2260.0
-829.0
344.0
1871.0
3570.0
3115.0
1427.0
-748.0
-2596.0
-3320.0
-1447.0
671.0
1408.0
1312.0
1960.0
2021.0
-54.0
-1712.0
-2028.0
-1450.0
245.0
1160.0
1130.0
591.0
325.0
-531.0
-368.0
113.0
146.0
990.0
-44.0
783.0
1472.0
417.0
-72.0
-1350.0
-1579.0
-308.0
13.0
486.0
891.0
1167.0
1741.0
1057.0
81.0
-996.0
-1903.0
-2091.0
-1570.0
-179.0
1773.0
2873.0
2573.0
1318.0
-235.0
-913.0
-1364.0
-1903.0
-292.0
-42.0
169.0
1460.0
2285.0
1678.0
-460.0
-1509.0
-1224.0
-747.0
76.0
1083.0
1692.0
580.0
-468.0
538.0
-334.0
-1485.0
-706.0
-318.0
564.0
2425.0
2087.0
430.0
-210.0
-1451.0
-1890.0
-979.0
-130.0
389.0
501.0
806.0
2317.0
2121.0
-292.0
-961.0
-1130.0
-1756.0
-1130.0
769.0
1219.0
1718.0
1438.0
535.0
-108.0
-1393.0
-1096.0
-828.0
-412.0
1692.0
2091.0
1191.0
315.0
-965.0
-1663.0
-332.0
301.0
36.0
341.0
1930.0
2638.0
543.0
-2367.0
-2502.0
-2821.0
-1562.0
1887.0
2312.0
2091.0
2194.0
699.0
368.0
-877.0
-2428.0
-1817.0
-1487.0
591.0
2838.0
2264.0
797.0
-219.0
-762.0
-838.0
-556.0
139.0
620.0
-993.0
-26.0
1606.0
1605.0
1613.0
-226.0
-1447.0
-107.0
296.0
-576.0
-643.0
140.0
-182.0
97.0
712.0
-271.0
-1374.0
-904.0
633.0
1490.0
2198.0
1675.0
208.0
55.0
-666.0
-1984.0
-1556.0
-47.0
334.0
903.0
1538.0
2184.0
1700.0
-66.0
-969.0
-1093.0
-1613.0
-842.0
-347.0
957.0
2275.0
1831.0
-159.0
-1391.0
-1601.0
-1493.0
-1142.0
-99.0
1291.0
2416.0
1724.0
586.0
-319.0
-1313.0
-493.0
910.0
930.0
1059.0
932.0
759.0
360.0
-1556.0
-1930.0
-943.0
-623.0
38.0
622.0
1763.0
2127.0
996.0
1053.0
208.0
-1777.0
-1652.0
-2186.0
-1465.0
377.0
1716.0
3108.0
1997.0
55.0
-264.0
-1273.0
-1429.0
-65.0
-437.0
488.0
1436.0
1205.0
-828.0
-412.0
1692.0
2091.0
1191.0
315.0
-965.0
-1663.0
-332.0
301.0
36.0
341.0
1930.0
2638.0
543.0
-2367.0
-2502.0
-2821.0
-1562.0
1887.0
2312.0
2091.0
2194.0
699.0
368.0
-877.0
-2428.0
-1817.0
-1487.0
591.0
2838.0
2264.0
797.0
-219.0
-762.0
-838.0
-556.0
139.0
620.0
-993.0
-26.0
1606.0
1605.0
1613.0
-226.0
-1447.0
-107.0
296.0
-576.0
-643.0
140.0
-182.0
97.0
712.0
-271.0
-1374.0
-904.0
633.0
1490.0
2198.0
1675.0
208.0
55.0
-666.0
-1984.0
-1556.0
-47.0
334.0
903.0
1538.0
2184.0
1700.0
-66.0
-969.0
-1093.0
-1613.0
-842.0
-347.0
957.0
2275.0
1831.0
-159.0
-1391.0
-1601.0
-1493.0
-1142.0
-99.0
1291.0
2416.0
1724.0
586.0
-319.0
-1313.0
-493.0
910.0
930.0
1059.0
932.0
759.0
360.0
-1556.0
-1930.0
-943.0
-623.0
38.0
622.0
1763.0
2127.0
996.0
1053.0
208.0
-1777.0
-1652.0
-2186.0
-1465.0
377.0
1716.0
3108.0
1997.0
55.0
-264.0
-1273.0
-1429.0
-65.0
-437.0
488.0
1436.0
1205.0
2046.0
1146.0
-1729.0
-2003.0
-989.0
566.0
770.0
478.0
930.0
-169.0
-315.0
71.0
-1064.0
-1585.0
-146.0
1161.0
2175.0
3232.0
1381.0
-854.0
-2073.0
-2158.0
-1553.0
-672.0
-297.0
1078.0
1943.0
2320.0
2224.0
498.0
-1451.0
-1231.0
-592.0
-167.0
851.0
471.0
907.0
1485.0
159.0
-737.0
-912.0
-1836.0
-1648.0
83.0
1500.0
1585.0
1763.0
885.0
-412.0
231.0
-409.0
-1520.0
-688.0
575.0
869.0
1608.0
1615.0
-745.0
-1979.0
-1549.0
-939.0
55.0
814.0
1273.0
1433.0
1906.0
2676.0
493.0
-2921.0
-3031.0
-2194.0
-252.0
1966.0
2644.0
1909.0
733.0
122.0
-683.0
-1443.0
-671.0
-20.0
203.0
981.0
1178.0
87.0
-165.0
540.0
-357.0
-640.0
-130.0
-174.0
-514.0
834.0
817.0
-416.0
-301.0
-119.0
-341.0
264.0
222.0
758.0
1944.0
1725.0
1128.0
171.0
-1518.0
-1855.0
-1996.0
-1103.0
490.0
971.0
792.0
2298.0
2685.0
614.0
-1039.0
-2069.0
-2625.0
-1100.0
694.0
1555.0
1935.0
1392.0
686.0
-96.0
-568.0
-983.0
-1790.0
2046.0
1146.0
-1729.0
-2003.0
-989.0
566.0
770.0
478.0
930.0
-169.0
-315.0
71.0
-1064.0
-1585.0
-146.0
1161.0
2175.0
3232.0
1381.0
-854.0
-2073.0
-2158.0
-1553.0
-672.0
-297.0
1078.0
1943.0
2320.0
2224.0
498.0
-1451.0
-1231.0
-592.0
-167.0
851.0
471.0
907.0
1485.0
159.0
-737.0
-912.0
-1836.0
-1648.0
83.0
1500.0
1585.0
1763.0
885.0
-412.0
231.0
-409.0
-1520.0
-688.0
575.0
869.0
1608.0
1615.0
-745.0
-1979.0
-1549.0
-939.0
55.0
814.0
1273.0
1433.0
1906.0
2676.0
493.0
-2921.0
-3031.0
-2194.0
-252.0
1966.0
2644.0
1909.0
733.0
122.0
-683.0
-1443.0
-671.0
-20.0
203.0
981.0
1178.0
87.0
-165.0
540.0
-357.0
-640.0
-130.0
-174.0
-514.0
834.0
817.0
-416.0
-301.0
-119.0
-341.0
264.0
222.0
758.0
1944.0
1725.0
1128.0
171.0
-1518.0
-1855.0
-1996.0
-1103.0
490.0
971.0
792.0
2298.0
2685.0
614.0
-1039.0
-2069.0
-2625.0
-1100.0
694.0
1555.0
1935.0
1392.0
686.0
-96.0
-568.0
-983.0
-1790.0
124.0
1738.0
1048.0
1331.0
-67.0
-969.0
-466.0
284.0
1208.0
331.0
-437.0
543.0
911.0
525.0
-807.0
-1947.0
-1750.0
-264.0
1442.0
1480.0
848.0
390.0
558.0
972.0
-219.0
-1798.0
-1491.0
-1117.0
-341.0
1354.0
2692.0
1743.0
291.0
397.0
45.0
-1.0
-517.0
-1179.0
-664.0
-168.0
835.0
2087.0
1434.0
160.0
-1252.0
-1593.0
-114.0
-56.0
-74.0
1416.0
679.0
-165.0
1040.0
-818.0
-2192.0
-689.0
-403.0
415.0
2726.0
2704.0
1223.0
28.0
-1348.0
-2039.0
-1935.0
-752.0
81.0
1344.0
2225.0
2315.0
1903.0
884.0
-1140.0
-2411.0
-1767.0
-857.0
-568.0
311.0
1582.0
2573.0
1434.0
222.0
-624.0
-1805.0
-1399.0
-391.0
84.0
347.0
1789.0
1317.0
103.0
301.0
24.0
-395.0
216.0
430.0
254.0
459.0
83.0
-557.0
-763.0
-331.0
-1325.0
-765.0
1545.0
1063.0
1115.0
2444.0
1610.0
39.0
-1629.0
-1785.0
-1913.0
-1675.0
1010.0
3061.0
2450.0
1195.0
-92.0
-2171.0
-1991.0
-796.0
-306.0
664.0
695.0
606.0
1964.0
2393.0
124.0
1738.0
1048.0
1331.0
-67.0
-969.0
-466.0
284.0
1208.0
331.0
-437.0
543.0
911.0
525.0
-807.0
-1947.0
-1750.0
-264.0
1442.0
1480.0
848.0
390.0
558.0
972.0
-219.0
-1798.0
-1491.0
-1117.0
-341.0
1354.0
2692.0
1743.0
291.0
397.0
45.0
-1.0
-517.0
-1179.0
-664.0
-168.0
835.0
2087.0
1434.0
160.0
-1252.0
-1593.0
-114.0
-56.0
-74.0
1416.0
679.0
-165.0
1040.0
-818.0
-2192.0
-689.0
-403.0
415.0
2726.0
2704.0
1223.0
28.0
-1348.0
-2039.0
-1935.0
-752.0
81.0
1344.0
2225.0
2315.0
1903.0
884.0
-1140.0
-2411.0
-1767.0
-857.0
-568.0
311.0
1582.0
2573.0
1434.0
222.0
-624.0
-1805.0
-1399.0
-391.0
84.0
347.0
1789.0
1317.0
103.0
301.0
24.0
-395.0
216.0
430.0
254.0
459.0
83.0
-557.0
-763.0
-331.0
-1325.0
-765.0
1545.0
1063.0
1115.0
2444.0
1610.0
39.0
-1629.0
-1785.0
-1913.0
-1675.0
1010.0
3061.0
2450.0
1195.0
-92.0
-2171.0
-1991.0
-796.0
-306.0
664.0
695.0
606.0
1964.0
2393.0
-98.0
-1721.0
-1436.0
-1163.0
729.0
1436.0
706.0
635.0
-383.0
-42.0
249.0
-1051.0
-877.0
-626.0
256.0
2409.0
3040.0
914.0
-138.0
-731.0
-2048.0
-1864.0
-1777.0
-688.0
493.0
1096.0
2417.0
2539.0
481.0
-1089.0
-1514.0
-372.0
-21.0
673.0
1275.0
1721.0
1098.0
-197.0
-264.0
-1119.0
-1619.0
-1262.0
70.0
1470.0
1762.0
799.0
226.0
-510.0
-446.0
-84.0
-65.0
-199.0
858.0
1364.0
1760.0
-83.0
-2463.0
-1704.0
-1816.0
-310.0
1434.0
1308.0
2123.0
2354.0
1169.0
336.0
-1528.0
-2444.0
-2149.0
-776.0
940.0
1382.0
1744.0
1449.0
713.0
223.0
-202.0
-1082.0
-1326.0
-67.0
182.0
-71.0
1548.0
2272.0
1226.0
-41.0
-1114.0
-869.0
-194.0
-1358.0
18.0
1035.0
-323.0
438.0
856.0
-1214.0
-913.0
15.0
-503.0
1423.0
2796.0
1601.0
1429.0
-622.0
-1714.0
-1844.0
-2449.0
-634.0
1028.0
1759.0
2431.0
2415.0
282.0
-1692.0
-1106.0
-1619.0
-967.0
550.0
1159.0
2063.0
1813.0
471.0
-142.0
-1476.0
-1713.0
-1908.0
-1315.0
658.0
-98.0
-1721.0
-1436.0
-1163.0
729.0
1436.0
706.0
635.0
-383.0
-42.0
249.0
-1051.0
-877.0
-626.0
256.0
2409.0
3040.0
914.0
-138.0
-731.0
-2048.0
-1864.0
-1777.0
-688.0
493.0
1096.0
2417.0
2539.0
481.0
-1089.0
-1514.0
-372.0
-21.0
673.0
1275.0
1721.0
1098.0
-197.0
-264.0
-1119.0
-1619.0
-1262.0
70.0
1470.0
1762.0
799.0
226.0
-510.0
-446.0
-84.0
-65.0
-199.0
858.0
1364.0
1760.0
-83.0
-2463.0
-1704.0
-1816.0
-310.0
1434.0
1308.0
2123.0
2354.0
1169.0
336.0
-1528.0
-2444.0
-2149.0
-776.0
940.0
1382.0
1744.0
1449.0
713.0
223.0
-202.0
-1082.0
-1326.0
-67.0
182.0
-71.0
1548.0
2272.0
1226.0
-41.0
-1114.0
-869.0
-194.0
-1358.0
18.0
1035.0
-323.0
438.0
856.0
-1214.0
-913.0
15.0
-503.0
1423.0
2796.0
1601.0
1429.0
-622.0
-1714.0
-1844.0
-2449.0
-634.0
1028.0
1759.0
2431.0
2415.0
282.0
-1692.0
-1106.0
-1619.0
-967.0
550.0
1159.0
2063.0
1813.0
471.0
-142.0
-1476.0
-1713.0
-1908.0
-1315.0
658.0
1964.0
2223.0
1676.0
4.0
-589.0
-862.0
129.0
892.0
20.0
187.0
775.0
399.0
517.0
-976.0
-1804.0
-1604.0
-902.0
971.0
2018.0
1714.0
1972.0
1341.0
750.0
-566.0
-2369.0
-3058.0
-2747.0
295.0
2409.0
2918.0
2114.0
615.0
-945.0
-1097.0
-639.0
-621.0
-298.0
387.0
1380.0
1662.0
1781.0
1243.0
-1298.0
-1956.0
-817.0
19.0
159.0
570.0
527.0
-302.0
-20.0
329.0
-1154.0
-920.0
898.0
1312.0
1784.0
2067.0
539.0
-698.0
-910.0
-1744.0
-2188.0
-973.0
-55.0
720.0
2285.0
1893.0
1131.0
521.0
-191.0
-301.0
-458.0
-36.0
-294.0
-744.0
1117.0
1799.0
553.0
-720.0
-1122.0
-1131.0
-890.0
306.0
896.0
1337.0
1339.0
609.0
-75.0
-270.0
-534.0
-519.0
-143.0
312.0
626.0
788.0
614.0
-312.0
-1765.0
-1441.0
-790.0
29.0
1940.0
1798.0
2127.0
1950.0
1033.0
-48.0
-2267.0
-2013.0
-1295.0
-1451.0
119.0
1470.0
1272.0
1053.0
824.0
561.0
263.0
-199.0
-420.0
-337.0
-693.0
-197.0
878.0
1496.0
2213.0
299.0
1964.0
2223.0
1676.0
4.0
-589.0
-862.0
129.0
892.0
20.0
187.0
775.0
399.0
517.0
-976.0
-1804.0
-1604.0
-902.0
971.0
2018.0
1714.0
1972.0
1341.0
750.0
-566.0
-2369.0
-3058.0
-2747.0
295.0
2409.0
2918.0
2114.0
615.0
-945.0
-1097.0
-639.0
-621.0
-298.0
387.0
1380.0
1662.0
1781.0
1243.0
-1298.0
-1956.0
-817.0
19.0
159.0
570.0
527.0
-302.0
-20.0
329.0
-1154.0
-920.0
898.0
1312.0
1784.0
2067.0
539.0
-698.0
-910.0
-1744.0
-2188.0
-973.0
