Gv1b1164_137
1
RAW_AUDIO_STREAM
1600
1804.0
1746.0
1076.0
297.0
-730.0
-408.0
39.0
-194.0
474.0
604.0
-50.0
459.0
822.0
106.0
-2019.0
-1312.0
381.0
-163.0
703.0
1372.0
321.0
344.0
1996.0
1631.0
-578.0
-2118.0
-2769.0
-2232.0
8.0
2695.0
3078.0
1700.0
884.0
-8.0
-1366.0
-765.0
-273.0
-580.0
-191.0
457.0
647.0
1242.0
1578.0
174.0
-906.0
63.0
446.0
-1190.0
-449.0
979.0
-602.0
-455.0
268.0
-438.0
-1179.0
-26.0
1147.0
762.0
1938.0
2131.0
583.0
-304.0
-1653.0
-1832.0
-381.0
-622.0
-760.0
490.0
1609.0
2269.0
2944.0
775.0
-2558.0
-1332.0
-1235.0
-1078.0
109.0
831.0
1576.0
1970.0
1169.0
-173.0
-1350.0
-1914.0
-1777.0
-1014.0
-4.0
902.0
1702.0
1280.0
319.0
53.0
472.0
315.0
-302.0
-595.0
577.0
1665.0
1542.0
-285.0
-1540.0
-1912.0
-1028.0
223.0
919.0
1372.0
1599.0
1828.0
1303.0
-509.0
-2309.0
-2657.0
-2059.0
-282.0
1171.0
3163.0
2878.0
582.0
-517.0
-1704.0
-1116.0
-315.0
-391.0
-54.0
350.0
1365.0
2131.0
1879.0
155.0
-1038.0
-896.0
279.0
161.0
-723.0
-70.0
-323.0
-347.0
523.0
948.0
-693.0
-1060.0
23.0
724.0
1442.0
1324.0
413.0
70.0
-196.0
-671.0
-1844.0
-1105.0
3.0
518.0
1191.0
2055.0
2143.0
984.0
-609.0
-1657.0
-1681.0
-1182.0
-148.0
704.0
1833.0
2874.0
1598.0
-494.0
-1165.0
-1659.0
-2020.0
-850.0
1078.0
1607.0
638.0
915.0
687.0
-1113.0
-735.0
1063.0
863.0
881.0
330.0
-528.0
-22.0
-53.0
-1229.0
-1204.0
-436.0
166.0
740.0
1162.0
1473.0
1496.0
1699.0
625.0
-976.0
-1315.0
-1969.0
-1750.0
-754.0
863.0
2548.0
2237.0
908.0
42.0
-940.0
-1041.0
-474.0
-164.0
-702.0
30.0
789.0
2180.0
2191.0
447.0
-496.0
-1593.0
-1706.0
-193.0
677.0
77.0
-80.0
-74.0
236.0
46.0
-849.0
-707.0
127.0
1255.0
2559.0
3169.0
1235.0
-759.0
-2149.0
-1925.0
-1458.0
-757.0
28.0
298.0
1200.0
2491.0
2356.0
461.0
-684.0
-1034.0
-630.0
-258.0
-388.0
-1124.0
94.0
2087.0
2066.0
-120.0
-751.0
-1237.0
-2099.0
155.0
-1038.0
-896.0
279.0
161.0
-723.0
-70.0
-323.0
-347.0
523.0
948.0
-693.0
-1060.0
23.0
724.0
1442.0
1324.0
413.0
70.0
-196.0
-671.0
-1844.0
-1105.0
3.0
518.0
1191.0
2055.0
2143.0
984.0
-609.0
-1657.0
-1681.0
-1182.0
-148.0
704.0
1833.0
2874.0
1598.0
-494.0
-1165.0
-1659.0
-2020.0
-850.0
1078.0
1607.0
638.0
915.0
687.0
-1113.0
-735.0
1063.0
863.0
881.0
330.0
-528.0
-22.0
-53.0
-1229.0
-1204.0
-436.0
166.0
740.0
1162.0
1473.0
1496.0
1699.0
625.0
-976.0
-1315.0
-1969.0
-1750.0
-754.0
863.0
2548.0
2237.0
908.0
42.0
-940.0
-1041.0
-474.0
-164.0
-702.0
30.0
789.0
2180.0
2191.0
447.0
-496.0
-1593.0
-1706.0
-193.0
677.0
77.0
-80.0
-74.0
236.0
46.0
-849.0
-707.0
127.0
1255.0
2559.0
3169.0
1235.0
-759.0
-2149.0
-1925.0
-1458.0
-757.0
28.0
298.0
1200.0
2491.0
2356.0
461.0
-684.0
-1034.0
-630.0
-258.0
-388.0
-1124.0
94.0
2087.0
2066.0
-120.0
-751.0
-1237.0
-2099.0
-488.0
1158.0
755.0
854.0
1013.0
469.0
914.0
479.0
310.0
-548.0
-131.0
345.0
655.0
1484.0
-228.0
-1520.0
-1677.0
-1511.0
-235.0
258.0
1163.0
2396.0
1938.0
1782.0
1150.0
-2032.0
-3418.0
-3251.0
-1575.0
579.0
2711.0
3153.0
1989.0
758.0
-379.0
-1341.0
-1177.0
-188.0
-60.0
339.0
1485.0
838.0
462.0
984.0
59.0
-1096.0
-721.0
-355.0
-478.0
-86.0
963.0
0.0
-555.0
-61.0
-334.0
210.0
860.0
1161.0
977.0
1118.0
785.0
-604.0
-1060.0
-1368.0
-1191.0
-690.0
-197.0
423.0
1875.0
1989.0
1918.0
1959.0
-58.0
-1624.0
-2019.0
-1261.0
-461.0
60.0
1564.0
2296.0
520.0
-601.0
-419.0
-1421.0
-958.0
-633.0
140.0
2435.0
2629.0
1103.0
-1118.0
-1899.0
-1333.0
-278.0
1131.0
2018.0
1104.0
148.0
48.0
85.0
-1589.0
-2250.0
-1031.0
-385.0
1003.0
2161.0
2311.0
1526.0
1063.0
1034.0
-52.0
-1587.0
-2323.0
-2470.0
-1519.0
549.0
2479.0
2475.0
1146.0
-332.0
-185.0
25.0
115.0
-444.0
-1091.0
-648.0
409.0
1475.0
-488.0
1158.0
755.0
854.0
1013.0
469.0
914.0
479.0
310.0
-548.0
-131.0
345.0
655.0
1484.0
-228.0
-1520.0
-1677.0
-1511.0
-235.0
258.0
1163.0
2396.0
1938.0
1782.0
1150.0
-2032.0
-3418.0
-3251.0
-1575.0
579.0
2711.0
3153.0
1989.0
758.0
-379.0
-1341.0
-1177.0
-188.0
-60.0
339.0
1485.0
838.0
462.0
984.0
59.0
-1096.0
-721.0
-355.0
-478.0
-86.0
963.0
0.0
-555.0
-61.0
-334.0
210.0
860.0
1161.0
977.0
1118.0
785.0
-604.0
-1060.0
-1368.0
-1191.0
-690.0
-197.0
423.0
1875.0
1989.0
1918.0
1959.0
-58.0
-1624.0
-2019.0
-1261.0
-461.0
60.0
1564.0
2296.0
520.0
-601.0
-419.0
-1421.0
-958.0
-633.0
140.0
2435.0
2629.0
1103.0
-1118.0
-1899.0
-1333.0
-278.0
1131.0
2018.0
1104.0
148.0
48.0
85.0
-1589.0
-2250.0
-1031.0
-385.0
1003.0
2161.0
2311.0
1526.0
1063.0
1034.0
-52.0
-1587.0
-2323.0
-2470.0
-1519.0
549.0
2479.0
2475.0
1146.0
-332.0
-185.0
25.0
115.0
-444.0
-1091.0
-648.0
409.0
1475.0
2093.0
1547.0
-636.0
-1816.0
-739.0
105.0
-127.0
-1098.0
95.0
1072.0
519.0
753.0
59.0
-1039.0
-554.0
196.0
1423.0
2449.0
853.0
275.0
-462.0
-1675.0
-1080.0
-1261.0
-1194.0
552.0
1742.0
1932.0
2429.0
709.0
-1037.0
-1823.0
-1679.0
-507.0
-24.0
607.0
1648.0
1832.0
879.0
254.0
-807.0
-1736.0
-1040.0
-761.0
410.0
1593.0
1277.0
951.0
-180.0
-416.0
-74.0
298.0
861.0
440.0
-327.0
9.0
538.0
352.0
-236.0
-1442.0
-2336.0
-644.0
833.0
793.0
1358.0
1791.0
2088.0
1483.0
-76.0
-2110.0
-2938.0
-2733.0
-868.0
1783.0
3709.0
3406.0
1443.0
-989.0
-1590.0
-1585.0
-801.0
-8.0
-78.0
336.0
927.0
1456.0
1421.0
392.0
-337.0
-503.0
-629.0
200.0
324.0
-189.0
-737.0
-1118.0
-692.0
463.0
122.0
10.0
202.0
671.0
1790.0
2231.0
823.0
-659.0
-1633.0
-1619.0
-417.0
341.0
277.0
715.0
1470.0
368.0
860.0
1129.0
-173.0
-1415.0
-1488.0
-279.0
-270.0
457.0
1457.0
1666.0
1631.0
248.0
-998.0
-2327.0
2093.0
1547.0
-636.0
-1816.0
-739.0
105.0
-127.0
-1098.0
95.0
1072.0
519.0
753.0
59.0
-1039.0
-554.0
196.0
1423.0
2449.0
853.0
275.0
-462.0
-1675.0
-1080.0
-1261.0
-1194.0
552.0
1742.0
1932.0
2429.0
709.0
-1037.0
-1823.0
-1679.0
-507.0
-24.0
607.0
1648.0
1832.0
879.0
254.0
-807.0
-1736.0
-1040.0
-761.0
410.0
1593.0
1277.0
951.0
-180.0
-416.0
-74.0
298.0
861.0
440.0
-327.0
9.0
538.0
352.0
-236.0
-1442.0
-2336.0
-644.0
833.0
793.0
1358.0
1791.0
2088.0
1483.0
-76.0
-2110.0
-2938.0
-2733.0
-868.0
1783.0
3709.0
3406.0
1443.0
-989.0
-1590.0
-1585.0
-801.0
-8.0
-78.0
336.0
927.0
1456.0
1421.0
392.0
-337.0
-503.0
-629.0
200.0
324.0
-189.0
-737.0
-1118.0
-692.0
463.0
122.0
10.0
202.0
671.0
1790.0
2231.0
823.0
-659.0
-1633.0
-1619.0
-417.0
341.0
277.0
715.0
1470.0
368.0
860.0
1129.0
-173.0
-1415.0
-1488.0
-279.0
-270.0
457.0
1457.0
1666.0
1631.0
248.0
-998.0
-2327.0
-2693.0
-1273.0
1242.0
1632.0
2219.0
864.0
-404.0
-162.0
-392.0
-81.0
444.0
318.0
765.0
1863.0
699.0
-129.0
-1771.0
-2547.0
-915.0
662.0
270.0
880.0
2104.0
1960.0
1398.0
963.0
-1082.0
-2515.0
-1939.0
-1597.0
-323.0
1960.0
2292.0
1125.0
262.0
-225.0
-131.0
-85.0
-486.0
-867.0
-439.0
193.0
1421.0
1694.0
539.0
88.0
-186.0
-359.0
24.0
209.0
-448.0
285.0
1374.0
273.0
-791.0
-890.0
-1098.0
-360.0
221.0
1351.0
2734.0
2040.0
445.0
-772.0
-2101.0
-3132.0
-2598.0
-769.0
1240.0
2767.0
1985.0
1183.0
1941.0
683.0
-890.0
-1739.0
-1503.0
-957.0
1178.0
2606.0
2183.0
1562.0
-568.0
-1841.0
-1497.0
-1866.0
-1811.0
59.0
1783.0
2371.0
2433.0
111.0
-1119.0
-929.0
-246.0
632.0
795.0
313.0
-643.0
-32.0
350.0
-1386.0
-1580.0
-506.0
-284.0
1327.0
2468.0
1705.0
1311.0
959.0
325.0
265.0
-822.0
-2290.0
-2255.0
-1159.0
329.0
2908.0
3195.0
1296.0
-854.0
-1727.0
-827.0
-728.0
-569.0
94.0
345.0
1468.0
-2693.0
-1273.0
1242.0
1632.0
2219.0
864.0
-404.0
-162.0
-392.0
-81.0
444.0
318.0
765.0
1863.0
699.0
-129.0
-1771.0
-2547.0
-915.0
662.0
270.0
880.0
2104.0
1960.0
1398.0
963.0
-1082.0
-2515.0
-1939.0
-1597.0
-323.0
1960.0
2292.0
1125.0
262.0
-225.0
-131.0
-85.0
-486.0
-867.0
-439.0
193.0
1421.0
1694.0
539.0
88.0
-186.0
-359.0
24.0
209.0
-448.0
285.0
1374.0
273.0
-791.0
-890.0
-1098.0
-360.0
221.0
1351.0
2734.0
2040.0
445.0
-772.0
-2101.0
-3132.0
-2598.0
-769.0
1240.0
2767.0
1985.0
1183.0
1941.0
683.0
-890.0
-1739.0
-1503.0
-957.0
1178.0
2606.0
2183.0
1562.0
-568.0
-1841.0
-1497.0
-1866.0
-1811.0
59.0
1783.0
2371.0
2433.0
111.0
-1119.0
-929.0
-246.0
632.0
795.0
313.0
-643.0
-32.0
350.0
-1386.0
-1580.0
-506.0
-284.0
1327.0
2468.0
1705.0
1311.0
959.0
325.0
265.0
-822.0
-2290.0
-2255.0
-1159.0
329.0
2908.0
3195.0
1296.0
-854.0
-1727.0
-827.0
-728.0
-569.0
94.0
345.0
1468.0
2545.0
1762.0
64.0
-2083.0
-2605.0
-908.0
177.0
938.0
2111.0
700.0
-1042.0
-614.0
-183.0
-1003.0
-10.0
1037.0
1468.0
2909.0
2290.0
-58.0
-1462.0
-2412.0
-2476.0
-1137.0
-235.0
702.0
1276.0
1278.0
2113.0
2156.0
390.0
-158.0
-1204.0
-2072.0
-565.0
421.0
-179.0
416.0
2240.0
845.0
-264.0
-1379.0
-1680.0
-1162.0
-562.0
1391.0
2223.0
1757.0
767.0
-537.0
-882.0
-242.0
515.0
947.0
1163.0
316.0
768.0
157.0
-1821.0
-1505.0
-1792.0
-1338.0
913.0
861.0
1593.0
3127.0
2135.0
720.0
-1016.0
-2314.0
-2085.0
-2765.0
-1321.0
1878.0
2618.0
3324.0
2287.0
-534.0
-1174.0
-1434.0
-1517.0
-447.0
-235.0
516.0
1106.0
998.0
1773.0
1114.0
88.0
-408.0
-982.0
-258.0
179.0
-39.0
704.0
221.0
-482.0
32.0
13.0
-407.0
-621.0
-1281.0
-220.0
2487.0
2358.0
460.0
130.0
-1102.0
-2161.0
-1423.0
-328.0
9.0
421.0
1898.0
2989.0
2644.0
216.0
-1294.0
-1065.0
-953.0
60.0
414.0
249.0
110.0
1296.0
1678.0
-448.0
-1374.0
2545.0
1762.0
64.0
-2083.0
-2605.0
-908.0
177.0
938.0
2111.0
700.0
-1042.0
-614.0
-183.0
-1003.0
-10.0
1037.0
1468.0
2909.0
2290.0
-58.0
-1462.0
-2412.0
-2476.0
-1137.0
-235.0
702.0
1276.0
1278.0
2113.0
2156.0
390.0
-158.0
-1204.0
-2072.0
-565.0
421.0
-179.0
416.0
2240.0
845.0
-264.0
-1379.0
-1680.0
-1162.0
-562.0
1391.0
2223.0
1757.0
767.0
-537.0
-882.0
-242.0
515.0
947.0
1163.0
316.0
768.0
157.0
-1821.0
-1505.0
-1792.0
-1338.0
913.0
861.0
1593.0
3127.0
2135.0
720.0
-1016.0
-2314.0
-2085.0
-2765.0
-1321.0
1878.0
2618.0
3324.0
2287.0
-534.0
-1174.0
-1434.0
-1517.0
-447.0
-235.0
516.0
1106.0
998.0
1773.0
1114.0
88.0
-408.0
-982.0
-258.0
179.0
-39.0
704.0
221.0
-482.0
32.0
13.0
-407.0
-621.0
-1281.0
-220.0
2487.0
2358.0
460.0
130.0
-1102.0
-2161.0
-1423.0
-328.0
9.0
421.0
1898.0
2989.0
2644.0
216.0
-1294.0
-1065.0
-953.0
60.0
414.0
249.0
110.0
1296.0
1678.0
-448.0
-1374.0
-1850.0
-1501.0
418.0
1399.0
1659.0
1048.0
-885.0
-1691.0
-1146.0
14.0
586.0
998.0
901.0
1181.0
1168.0
911.0
-500.0
-1271.0
-1551.0
-841.0
1468.0
831.0
359.0
1553.0
880.0
1127.0
1152.0
-1827.0
-2747.0
-2020.0
-1341.0
1168.0
2814.0
2534.0
1371.0
159.0
-789.0
-965.0
-1046.0
-1451.0
-810.0
686.0
1109.0
1230.0
1660.0
917.0
-1128.0
-855.0
249.0
-265.0
343.0
513.0
692.0
84.0
-762.0
90.0
-492.0
-1176.0
-36.0
879.0
2500.0
3184.0
926.0
-843.0
-2104.0
-2917.0
-1217.0
-112.0
-94.0
1139.0
1753.0
1652.0
1494.0
-54.0
-1104.0
-1332.0
-1389.0
-128.0
538.0
966.0
1945.0
2133.0
1076.0
-511.0
-1448.0
-1865.0
-1994.0
-564.0
1555.0
1876.0
2156.0
1078.0
-645.0
-1292.0
-775.0
-403.0
-161.0
416.0
926.0
1737.0
1811.0
-381.0
-1520.0
-2003.0
-2455.0
-926.0
-70.0
1285.0
2924.0
2852.0
1859.0
477.0
-2185.0
-2721.0
-2319.0
-1324.0
1560.0
3384.0
3210.0
1675.0
127.0
-1482.0
-1494.0
-886.0
-675.0
-765.0
-445.0
604.0
-1850.0
-1501.0
418.0
1399.0
1659.0
1048.0
-885.0
-1691.0
-1146.0
14.0
586.0
998.0
901.0
1181.0
1168.0
911.0
-500.0
-1271.0
-1551.0
-841.0
1468.0
831.0
359.0
1553.0
880.0
1127.0
1152.0
-1827.0
-2747.0
-2020.0
-1341.0
1168.0
2814.0
2534.0
1371.0
159.0
-789.0
-965.0
-1046.0
-1451.0
-810.0
686.0
1109.0
1230.0
1660.0
917.0
-1128.0
-855.0
249.0
-265.0
343.0
513.0
692.0
84.0
-762.0
90.0
-492.0
-1176.0
-36.0
879.0
2500.0
3184.0
926.0
-843.0
