Gv1b1164_116
1
RAW_AUDIO_STREAM
1600
219.0
152.0
-3.0
89.0
144.0
70.0
-98.0
-217.0
-65.0
157.0
194.0
208.0
123.0
93.0
342.0
463.0
430.0
298.0
35.0
-222.0
-229.0
-165.0
-27.0
201.0
388.0
618.0
690.0
406.0
61.0
-132.0
-251.0
-211.0
-129.0
8.0
255.0
509.0
645.0
534.0
78.0
-260.0
-311.0
-270.0
-74.0
195.0
334.0
315.0
298.0
97.0
-94.0
-2.0
55.0
222.0
547.0
671.0
569.0
159.0
-150.0
-243.0
-271.0
-136.0
44.0
174.0
434.0
560.0
396.0
164.0
15.0
-326.0
-405.0
-235.0
-107.0
341.0
668.0
736.0
583.0
334.0
13.0
-349.0
-487.0
-353.0
-160.0
183.0
451.0
487.0
560.0
586.0
485.0
301.0
144.0
107.0
18.0
-147.0
-241.0
-160.0
-57.0
-29.0
-30.0
-110.0
120.0
484.0
666.0
675.0
547.0
252.0
-274.0
-485.0
-392.0
-314.0
-48.0
242.0
493.0
637.0
465.0
363.0
90.0
-316.0
-254.0
-105.0
190.0
555.0
719.0
640.0
291.0
-6.0
-206.0
-398.0
-308.0
-133.0
99.0
274.0
294.0
239.0
241.0
237.0
277.0
433.0
442.0
343.0
292.0
209.0
-104.0
-434.0
-478.0
-507.0
-340.0
-2.0
342.0
491.0
562.0
520.0
489.0
448.0
169.0
-128.0
-173.0
-245.0
-49.0
333.0
547.0
611.0
466.0
134.0
-203.0
-295.0
-343.0
-223.0
28.0
421.0
709.0
594.0
383.0
274.0
30.0
-161.0
-164.0
-179.0
-185.0
-137.0
18.0
256.0
199.0
106.0
101.0
196.0
510.0
783.0
772.0
593.0
230.0
-414.0
-850.0
-871.0
-567.0
-76.0
338.0
642.0
774.0
685.0
552.0
291.0
-1.0
-110.0
-115.0
60.0
349.0
364.0
236.0
95.0
-201.0
-470.0
-479.0
-302.0
48.0
286.0
435.0
531.0
621.0
517.0
405.0
274.0
257.0
241.0
94.0
15.0
-32.0
-320.0
-339.0
-265.0
-253.0
30.0
160.0
222.0
534.0
764.0
739.0
645.0
406.0
-11.0
-573.0
-850.0
-754.0
-288.0
283.0
586.0
713.0
701.0
461.0
123.0
-12.0
-105.0
39.0
179.0
304.0
415.0
322.0
206.0
99.0
274.0
294.0
239.0
241.0
237.0
277.0
433.0
442.0
343.0
292.0
209.0
-104.0
-434.0
-478.0
-507.0
-340.0
-2.0
342.0
491.0
562.0
520.0
489.0
448.0
169.0
-128.0
-173.0
-245.0
-49.0
333.0
547.0
611.0
466.0
134.0
-203.0
-295.0
-343.0
-223.0
28.0
421.0
709.0
594.0
383.0
274.0
30.0
-161.0
-164.0
-179.0
-185.0
-137.0
18.0
256.0
199.0
106.0
101.0
196.0
510.0
783.0
772.0
593.0
230.0
-414.0
-850.0
-871.0
-567.0
-76.0
338.0
642.0
774.0
685.0
552.0
291.0
-1.0
-110.0
-115.0
60.0
349.0
364.0
236.0
95.0
-201.0
-470.0
-479.0
-302.0
48.0
286.0
435.0
531.0
621.0
517.0
405.0
274.0
257.0
241.0
94.0
15.0
-32.0
-320.0
-339.0
-265.0
-253.0
30.0
160.0
222.0
534.0
764.0
739.0
645.0
406.0
-11.0
-573.0
-850.0
-754.0
-288.0
283.0
586.0
713.0
701.0
461.0
123.0
-12.0
-105.0
39.0
179.0
304.0
415.0
322.0
206.0
-87.0
-125.0
-79.0
-138.0
-83.0
114.0
157.0
315.0
447.0
288.0
138.0
12.0
59.0
142.0
218.0
366.0
343.0
-2.0
-308.0
-503.0
-401.0
-306.0
-196.0
220.0
672.0
905.0
927.0
626.0
278.0
-41.0
-134.0
-93.0
-203.0
-12.0
240.0
315.0
168.0
5.0
-69.0
-54.0
-125.0
-1.0
245.0
459.0
355.0
319.0
373.0
209.0
15.0
-13.0
38.0
70.0
142.0
205.0
97.0
-128.0
-354.0
-356.0
-175.0
216.0
480.0
629.0
838.0
789.0
462.0
22.0
-468.0
-726.0
-811.0
-426.0
93.0
521.0
807.0
990.0
765.0
493.0
177.0
-227.0
-447.0
-265.0
-19.0
152.0
196.0
248.0
171.0
82.0
79.0
32.0
121.0
117.0
144.0
286.0
356.0
361.0
345.0
9.0
-160.0
-242.0
10.0
266.0
455.0
447.0
257.0
38.0
-65.0
-210.0
-210.0
-38.0
231.0
468.0
674.0
664.0
467.0
179.0
-328.0
-602.0
-536.0
-332.0
145.0
624.0
672.0
564.0
321.0
-31.0
-264.0
-276.0
-21.0
369.0
-87.0
-125.0
-79.0
-138.0
-83.0
114.0
157.0
315.0
447.0
288.0
138.0
12.0
59.0
142.0
218.0
366.0
343.0
-2.0
-308.0
-503.0
-401.0
-306.0
-196.0
220.0
672.0
905.0
927.0
626.0
278.0
-41.0
-134.0
-93.0
-203.0
-12.0
240.0
315.0
168.0
5.0
-69.0
-54.0
-125.0
-1.0
245.0
459.0
355.0
319.0
373.0
209.0
15.0
-13.0
38.0
70.0
142.0
205.0
97.0
-128.0
-354.0
-356.0
-175.0
216.0
480.0
629.0
838.0
789.0
462.0
22.0
-468.0
-726.0
-811.0
-426.0
93.0
521.0
807.0
990.0
765.0
493.0
177.0
-227.0
-447.0
-265.0
-19.0
152.0
196.0
248.0
171.0
82.0
79.0
32.0
121.0
117.0
144.0
286.0
356.0
361.0
345.0
9.0
-160.0
-242.0
10.0
266.0
455.0
447.0
257.0
38.0
-65.0
-210.0
-210.0
-38.0
231.0
468.0
674.0
664.0
467.0
179.0
-328.0
-602.0
-536.0
-332.0
145.0
624.0
672.0
564.0
321.0
-31.0
-264.0
-276.0
-21.0
369.0
515.0
280.0
152.0
148.0
-4.0
164.0
269.0
148.0
105.0
205.0
382.0
150.0
70.0
-150.0
-602.0
-422.0
-38.0
298.0
552.0
706.0
602.0
383.0
68.0
-193.0
-390.0
-601.0
-435.0
63.0
618.0
1014.0
1084.0
763.0
264.0
-161.0
-402.0
-474.0
-290.0
15.0
272.0
491.0
525.0
467.0
284.0
44.0
11.0
-86.0
-188.0
-175.0
-69.0
112.0
222.0
163.0
78.0
-154.0
-145.0
260.0
633.0
863.0
723.0
277.0
-213.0
-392.0
-405.0
-220.0
38.0
248.0
571.0
580.0
402.0
287.0
98.0
-91.0
-256.0
-111.0
-11.0
203.0
492.0
525.0
511.0
259.0
-193.0
-489.0
-478.0
-292.0
12.0
371.0
426.0
404.0
320.0
290.0
321.0
223.0
239.0
372.0
301.0
297.0
114.0
-113.0
-285.0
-442.0
-480.0
-312.0
305.0
734.0
867.0
854.0
531.0
39.0
-309.0
-589.0
-698.0
-510.0
-22.0
584.0
935.0
819.0
432.0
141.0
-120.0
-277.0
-205.0
19.0
138.0
127.0
291.0
507.0
555.0
375.0
515.0
280.0
152.0
148.0
-4.0
164.0
269.0
148.0
105.0
205.0
382.0
150.0
70.0
-150.0
-602.0
-422.0
-38.0
298.0
552.0
706.0
602.0
383.0
68.0
-193.0
-390.0
-601.0
-435.0
63.0
618.0
1014.0
1084.0
763.0
264.0
-161.0
-402.0
-474.0
-290.0
15.0
272.0
491.0
525.0
467.0
284.0
44.0
11.0
-86.0
-188.0
-175.0
-69.0
112.0
222.0
163.0
78.0
-154.0
-145.0
260.0
633.0
863.0
723.0
277.0
-213.0
-392.0
-405.0
-220.0
38.0
248.0
571.0
580.0
402.0
287.0
98.0
-91.0
-256.0
-111.0
-11.0
203.0
492.0
525.0
511.0
259.0
-193.0
-489.0
-478.0
-292.0
12.0
371.0
426.0
404.0
320.0
290.0
321.0
223.0
239.0
372.0
301.0
297.0
114.0
-113.0
-285.0
-442.0
-480.0
-312.0
305.0
734.0
867.0
854.0
531.0
39.0
-309.0
-589.0
-698.0
-510.0
-22.0
584.0
935.0
819.0
432.0
141.0
-120.0
-277.0
-205.0
19.0
138.0
127.0
291.0
507.0
555.0
375.0
180.0
110.0
-11.0
-144.0
-157.0
-233.0
-84.0
179.0
195.0
43.0
-1.0
120.0
493.0
789.0
773.0
543.0
-30.0
-614.0
-722.0
-522.0
-134.0
185.0
330.0
490.0
670.0
572.0
355.0
24.0
-217.0
-193.0
-4.0
249.0
526.0
714.0
653.0
287.0
-290.0
-668.0
-529.0
-206.0
216.0
446.0
466.0
578.0
389.0
303.0
298.0
292.0
164.0
137.0
111.0
35.0
-158.0
-456.0
-610.0
-574.0
-320.0
115.0
518.0
783.0
795.0
676.0
539.0
330.0
10.0
-281.0
-427.0
-305.0
18.0
366.0
639.0
659.0
442.0
15.0
-195.0
-149.0
-121.0
92.0
198.0
427.0
522.0
327.0
196.0
12.0
-147.0
-259.0
-291.0
-237.0
-215.0
-52.0
196.0
123.0
107.0
181.0
469.0
676.0
816.0
949.0
808.0
328.0
-256.0
-672.0
-811.0
-624.0
-191.0
118.0
498.0
901.0
865.0
477.0
203.0
-157.0
-585.0
-500.0
72.0
387.0
419.0
469.0
283.0
-59.0
-320.0
-389.0
-161.0
-14.0
142.0
470.0
560.0
537.0
180.0
110.0
-11.0
-144.0
-157.0
-233.0
-84.0
179.0
195.0
43.0
-1.0
120.0
493.0
789.0
773.0
543.0
-30.0
-614.0
-722.0
-522.0
-134.0
185.0
330.0
490.0
670.0
572.0
355.0
24.0
-217.0
-193.0
-4.0
249.0
526.0
714.0
653.0
287.0
-290.0
-668.0
-529.0
-206.0
216.0
446.0
466.0
578.0
389.0
303.0
298.0
292.0
164.0
137.0
111.0
35.0
-158.0
-456.0
-610.0
-574.0
-320.0
115.0
518.0
783.0
795.0
676.0
539.0
330.0
10.0
-281.0
-427.0
-305.0
18.0
366.0
639.0
659.0
442.0
15.0
-195.0
-149.0
-121.0
92.0
198.0
427.0
522.0
327.0
196.0
12.0
-147.0
-259.0
-291.0
-237.0
-215.0
-52.0
196.0
123.0
107.0
181.0
469.0
676.0
816.0
949.0
808.0
328.0
-256.0
-672.0
-811.0
-624.0
-191.0
118.0
498.0
901.0
865.0
477.0
203.0
-157.0
-585.0
-500.0
72.0
387.0
419.0
469.0
283.0
-59.0
-320.0
-389.0
-161.0
-14.0
142.0
470.0
560.0
537.0
455.0
427.0
445.0
213.0
41.0
-1.0
-4.0
33.0
-170.0
-306.0
-318.0
-445.0
-69.0
470.0
685.0
865.0
794.0
594.0
260.0
-138.0
-446.0
-736.0
-817.0
-486.0
-2.0
580.0
1033.0
760.0
363.0
127.0
9.0
-2.0
8.0
249.0
493.0
462.0
172.0
54.0
45.0
-119.0
-176.0
-243.0
-148.0
42.0
169.0
273.0
363.0
328.0
-1.0
-130.0
-44.0
265.0
722.0
790.0
517.0
-72.0
-647.0
-784.0
-631.0
-370.0
40.0
514.0
828.0
941.0
758.0
576.0
249.0
-155.0
-349.0
-273.0
-82.0
203.0
462.0
444.0
286.0
-54.0
-442.0
-490.0
-178.0
207.0
535.0
568.0
283.0
176.0
191.0
189.0
130.0
150.0
246.0
116.0
25.0
118.0
-25.0
-334.0
-492.0
-324.0
59.0
454.0
795.0
897.0
804.0
385.0
-35.0
-175.0
-444.0
-636.0
-377.0
-30.0
471.0
765.0
889.0
692.0
103.0
-183.0
-189.0
-169.0
-192.0
-76.0
120.0
244.0
385.0
504.0
449.0
22.0
-340.0
-235.0
-18.0
55.0
455.0
427.0
445.0
213.0
41.0
-1.0
-4.0
33.0
-170.0
-306.0
-318.0
-445.0
-69.0
470.0
685.0
865.0
794.0
594.0
260.0
-138.0
-446.0
-736.0
-817.0
-486.0
-2.0
580.0
1033.0
760.0
363.0
127.0
9.0
-2.0
8.0
249.0
493.0
462.0
172.0
54.0
45.0
-119.0
-176.0
-243.0
-148.0
42.0
169.0
273.0
363.0
328.0
-1.0
-130.0
-44.0
265.0
722.0
790.0
517.0
-72.0
-647.0
-784.0
-631.0
-370.0
40.0
514.0
828.0
941.0
758.0
576.0
249.0
-155.0
-349.0
-273.0
-82.0
203.0
462.0
444.0
286.0
-54.0
-442.0
-490.0
-178.0
207.0
535.0
568.0
283.0
176.0
191.0
189.0
130.0
150.0
246.0
116.0
25.0
118.0
-25.0
-334.0
-492.0
-324.0
59.0
454.0
795.0
897.0
804.0
385.0
-35.0
-175.0
-444.0
-636.0
-377.0
-30.0
471.0
765.0
889.0
692.0
103.0
-183.0
-189.0
-169.0
-192.0
-76.0
120.0
244.0
385.0
504.0
449.0
22.0
-340.0
-235.0
-18.0
55.0
75.0
409.0
464.0
77.0
-55.0
-11.0
76.0
305.0
655.0
614.0
331.0
-38.0
-488.0
-426.0
-383.0
-48.0
217.0
595.0
942.0
814.0
405.0
135.0
-359.0
-587.0
-474.0
-182.0
149.0
187.0
239.0
486.0
416.0
232.0
-68.0
-125.0
276.0
350.0
312.0
249.0
202.0
79.0
9.0
175.0
332.0
357.0
343.0
284.0
252.0
83.0
-345.0
-650.0
-528.0
-160.0
96.0
547.0
650.0
456.0
343.0
208.0
93.0
-295.0
-602.0
-524.0
-49.0
567.0
1037.0
1158.0
838.0
342.0
-212.0
-481.0
-365.0
-144.0
26.0
228.0
477.0
615.0
443.0
232.0
46.0
-84.0
-335.0
-322.0
-53.0
18.0
163.0
180.0
-159.0
-100.0
-59.0
126.0
623.0
826.0
623.0
386.0
90.0
-107.0
-188.0
-181.0
42.0
165.0
274.0
334.0
405.0
415.0
348.0
95.0
-363.0
-492.0
-337.0
-40.0
474.0
859.0
703.0
150.0
-113.0
-151.0
-298.0
-217.0
-74.0
178.0
353.0
251.0
266.0
294.0
219.0
183.0
245.0
409.0
75.0
409.0
464.0
77.0
-55.0
-11.0
76.0
305.0
655.0
614.0
331.0
-38.0
-488.0
-426.0
-383.0
-48.0
217.0
595.0
942.0
814.0
405.0
135.0
-359.0
-587.0
-474.0
-182.0
149.0
187.0
239.0
486.0
416.0
232.0
-68.0
-125.0
276.0
350.0
312.0
249.0
202.0
79.0
9.0
175.0
332.0
357.0
343.0
284.0
252.0
83.0
-345.0
-650.0
-528.0
-160.0
96.0
547.0
650.0
456.0
343.0
208.0
93.0
-295.0
-602.0
-524.0
-49.0
567.0
