Gv1b1164_127
1
RAW_AUDIO_STREAM
1600
-84.0
111.0
287.0
-29.0
-284.0
21.0
-292.0
-1.0
487.0
228.0
605.0
993.0
631.0
282.0
-38.0
-826.0
-1308.0
-778.0
-439.0
-141.0
604.0
890.0
974.0
1043.0
825.0
580.0
270.0
-468.0
-568.0
29.0
401.0
884.0
1043.0
429.0
-120.0
-761.0
-1045.0
-814.0
-470.0
220.0
594.0
678.0
748.0
447.0
215.0
-134.0
-216.0
-24.0
393.0
394.0
253.0
528.0
58.0
-671.0
-607.0
-821.0
-758.0
420.0
1114.0
996.0
898.0
991.0
830.0
252.0
-419.0
-627.0
-816.0
-1048.0
-398.0
740.0
1257.0
1240.0
729.0
-142.0
-687.0
-578.0
-52.0
347.0
437.0
219.0
-108.0
280.0
777.0
446.0
177.0
156.0
-299.0
-800.0
-487.0
287.0
452.0
218.0
232.0
1.0
-248.0
-8.0
275.0
710.0
1155.0
956.0
147.0
7.0
-297.0
-854.0
-505.0
-453.0
-512.0
12.0
446.0
912.0
1579.0
1316.0
371.0
-188.0
-875.0
-917.0
-544.0
-252.0
611.0
995.0
405.0
-189.0
-132.0
-151.0
-173.0
208.0
180.0
322.0
843.0
1117.0
687.0
262.0
231.0
-285.0
-636.0
-572.0
-295.0
575.0
1146.0
642.0
-338.0
-1015.0
-683.0
-324.0
-282.0
364.0
998.0
819.0
659.0
824.0
626.0
-108.0
-660.0
-1137.0
-1356.0
-775.0
160.0
1094.0
1501.0
1410.0
1205.0
273.0
-372.0
51.0
41.0
-344.0
-225.0
-208.0
-153.0
438.0
535.0
530.0
547.0
-64.0
-548.0
-283.0
245.0
153.0
143.0
16.0
-488.0
-359.0
134.0
126.0
190.0
769.0
838.0
573.0
365.0
-86.0
-286.0
-409.0
-498.0
126.0
351.0
-11.0
208.0
1037.0
824.0
216.0
212.0
-210.0
-445.0
-222.0
-207.0
165.0
1055.0
992.0
158.0
234.0
-48.0
-581.0
-587.0
-654.0
-81.0
921.0
808.0
201.0
177.0
336.0
-144.0
-629.0
-381.0
139.0
929.0
1339.0
594.0
22.0
-203.0
-1071.0
-726.0
338.0
191.0
253.0
429.0
550.0
980.0
646.0
-209.0
-502.0
-689.0
-1189.0
-666.0
571.0
1209.0
1213.0
890.0
432.0
452.0
250.0
-661.0
-886.0
-264.0
-314.0
-418.0
235.0
843.0
1117.0
687.0
262.0
231.0
-285.0
-636.0
-572.0
-295.0
575.0
1146.0
642.0
-338.0
-1015.0
-683.0
-324.0
-282.0
364.0
998.0
819.0
659.0
824.0
626.0
-108.0
-660.0
-1137.0
-1356.0
-775.0
160.0
1094.0
1501.0
1410.0
1205.0
273.0
-372.0
51.0
41.0
-344.0
-225.0
-208.0
-153.0
438.0
535.0
530.0
547.0
-64.0
-548.0
-283.0
245.0
153.0
143.0
16.0
-488.0
-359.0
134.0
126.0
190.0
769.0
838.0
573.0
365.0
-86.0
-286.0
-409.0
-498.0
126.0
351.0
-11.0
208.0
1037.0
824.0
216.0
212.0
-210.0
-445.0
-222.0
-207.0
165.0
1055.0
992.0
158.0
234.0
-48.0
-581.0
-587.0
-654.0
-81.0
921.0
808.0
201.0
177.0
336.0
-144.0
-629.0
-381.0
139.0
929.0
1339.0
594.0
22.0
-203.0
-1071.0
-726.0
338.0
191.0
253.0
429.0
550.0
980.0
646.0
-209.0
-502.0
-689.0
-1189.0
-666.0
571.0
1209.0
1213.0
890.0
432.0
452.0
250.0
-661.0
-886.0
-264.0
-314.0
-418.0
235.0
642.0
584.0
1004.0
1088.0
508.0
-94.0
-298.0
-30.0
228.0
351.0
110.0
-996.0
-900.0
-332.0
-586.0
344.0
1398.0
992.0
310.0
272.0
493.0
344.0
-148.0
-399.0
-561.0
-481.0
218.0
725.0
716.0
716.0
106.0
-549.0
-544.0
-557.0
-194.0
532.0
852.0
921.0
809.0
54.0
-138.0
-13.0
-496.0
-676.0
-372.0
-193.0
365.0
794.0
204.0
272.0
802.0
291.0
-306.0
193.0
787.0
541.0
313.0
-1.0
-473.0
-279.0
-87.0
-438.0
-633.0
-233.0
375.0
648.0
1025.0
1123.0
370.0
-81.0
-139.0
-260.0
-576.0
-684.0
-82.0
814.0
1158.0
1077.0
672.0
-80.0
-851.0
-744.0
-98.0
33.0
6.0
197.0
292.0
823.0
1207.0
705.0
361.0
-62.0
-658.0
-536.0
-288.0
-356.0
-304.0
34.0
-98.0
-521.0
-53.0
325.0
477.0
1199.0
1510.0
801.0
427.0
260.0
-272.0
-686.0
-703.0
-856.0
-472.0
439.0
511.0
947.0
1554.0
391.0
-287.0
52.0
-251.0
-393.0
-36.0
37.0
579.0
509.0
294.0
412.0
642.0
584.0
1004.0
1088.0
508.0
-94.0
-298.0
-30.0
228.0
351.0
110.0
-996.0
-900.0
-332.0
-586.0
344.0
1398.0
992.0
310.0
272.0
493.0
344.0
-148.0
-399.0
-561.0
-481.0
218.0
725.0
716.0
716.0
106.0
-549.0
-544.0
-557.0
-194.0
532.0
852.0
921.0
809.0
54.0
-138.0
-13.0
-496.0
-676.0
-372.0
-193.0
365.0
794.0
204.0
272.0
802.0
291.0
-306.0
193.0
787.0
541.0
313.0
-1.0
-473.0
-279.0
-87.0
-438.0
-633.0
-233.0
375.0
648.0
1025.0
1123.0
370.0
-81.0
-139.0
-260.0
-576.0
-684.0
-82.0
814.0
1158.0
1077.0
672.0
-80.0
-851.0
-744.0
-98.0
33.0
6.0
197.0
292.0
823.0
1207.0
705.0
361.0
-62.0
-658.0
-536.0
-288.0
-356.0
-304.0
34.0
-98.0
-521.0
-53.0
325.0
477.0
1199.0
1510.0
801.0
427.0
260.0
-272.0
-686.0
-703.0
-856.0
-472.0
439.0
511.0
947.0
1554.0
391.0
-287.0
52.0
-251.0
-393.0
-36.0
37.0
579.0
509.0
294.0
412.0
-444.0
-872.0
-755.0
-769.0
-216.0
855.0
1023.0
975.0
945.0
621.0
185.0
-32.0
-16.0
3.0
207.0
338.0
-145.0
-467.0
-640.0
-412.0
131.0
455.0
605.0
375.0
146.0
769.0
1012.0
459.0
178.0
-517.0
-1109.0
-831.0
-481.0
252.0
922.0
861.0
443.0
86.0
35.0
-137.0
94.0
427.0
312.0
152.0
227.0
670.0
681.0
132.0
-102.0
107.0
-228.0
-771.0
-284.0
285.0
127.0
-85.0
2.0
-155.0
-70.0
284.0
320.0
865.0
949.0
354.0
535.0
281.0
-605.0
-1203.0
-1328.0
-468.0
402.0
827.0
989.0
1186.0
1066.0
215.0
53.0
23.0
-476.0
-433.0
-101.0
215.0
576.0
513.0
102.0
27.0
-110.0
-453.0
-529.0
-488.0
182.0
933.0
1059.0
915.0
588.0
77.0
-126.0
-156.0
-137.0
67.0
174.0
193.0
-1.0
-722.0
-727.0
-260.0
149.0
373.0
434.0
786.0
1134.0
1512.0
1150.0
-33.0
-918.0
-1666.0
-1529.0
-390.0
559.0
853.0
822.0
837.0
588.0
677.0
269.0
-362.0
-293.0
-374.0
-444.0
-872.0
-755.0
-769.0
-216.0
855.0
1023.0
975.0
945.0
621.0
185.0
-32.0
-16.0
3.0
207.0
338.0
-145.0
-467.0
-640.0
-412.0
131.0
455.0
605.0
375.0
146.0
769.0
1012.0
459.0
178.0
-517.0
-1109.0
-831.0
-481.0
252.0
922.0
861.0
443.0
86.0
35.0
-137.0
94.0
427.0
312.0
152.0
227.0
670.0
681.0
132.0
-102.0
107.0
-228.0
-771.0
-284.0
285.0
127.0
-85.0
2.0
-155.0
-70.0
284.0
320.0
865.0
949.0
354.0
535.0
281.0
-605.0
-1203.0
-1328.0
-468.0
402.0
827.0
989.0
1186.0
1066.0
215.0
53.0
23.0
-476.0
-433.0
-101.0
215.0
576.0
513.0
102.0
27.0
-110.0
-453.0
-529.0
-488.0
182.0
933.0
1059.0
915.0
588.0
77.0
-126.0
-156.0
-137.0
67.0
174.0
193.0
-1.0
-722.0
-727.0
-260.0
149.0
373.0
434.0
786.0
1134.0
1512.0
1150.0
-33.0
-918.0
-1666.0
-1529.0
-390.0
559.0
853.0
822.0
837.0
588.0
677.0
269.0
-362.0
-293.0
-374.0
58.0
380.0
104.0
359.0
359.0
-18.0
92.0
116.0
-546.0
-521.0
440.0
668.0
446.0
317.0
-315.0
-482.0
-78.0
354.0
954.0
956.0
381.0
102.0
0.0
-280.0
-460.0
-516.0
-604.0
-50.0
667.0
1060.0
1364.0
941.0
80.0
-448.0
-633.0
-474.0
-602.0
-395.0
201.0
575.0
517.0
326.0
205.0
-171.0
-225.0
-69.0
327.0
563.0
437.0
547.0
157.0
-26.0
27.0
-153.0
329.0
544.0
176.0
408.0
527.0
-331.0
-731.0
-175.0
-6.0
80.0
47.0
209.0
714.0
953.0
818.0
319.0
-604.0
-1000.0
-997.0
-777.0
-365.0
208.0
890.0
1524.0
1947.0
1215.0
294.0
-374.0
-796.0
-531.0
-129.0
-85.0
-52.0
335.0
396.0
11.0
316.0
851.0
356.0
-742.0
-594.0
453.0
401.0
-8.0
-244.0
-400.0
91.0
259.0
115.0
528.0
828.0
285.0
150.0
342.0
-125.0
-608.0
-560.0
-252.0
651.0
1193.0
963.0
911.0
604.0
-6.0
-418.0
-827.0
-649.0
-362.0
-297.0
238.0
891.0
776.0
258.0
-20.0
58.0
380.0
104.0
359.0
359.0
-18.0
92.0
116.0
-546.0
-521.0
440.0
668.0
446.0
317.0
-315.0
-482.0
-78.0
354.0
954.0
956.0
381.0
102.0
0.0
-280.0
-460.0
-516.0
-604.0
-50.0
667.0
1060.0
1364.0
941.0
80.0
-448.0
-633.0
-474.0
-602.0
-395.0
201.0
575.0
517.0
326.0
205.0
-171.0
-225.0
-69.0
327.0
563.0
437.0
547.0
157.0
-26.0
27.0
-153.0
329.0
544.0
176.0
408.0
527.0
-331.0
-731.0
-175.0
-6.0
80.0
47.0
209.0
714.0
953.0
818.0
319.0
-604.0
-1000.0
-997.0
-777.0
-365.0
208.0
890.0
1524.0
1947.0
1215.0
294.0
-374.0
-796.0
-531.0
-129.0
-85.0
-52.0
335.0
396.0
11.0
316.0
851.0
356.0
-742.0
-594.0
453.0
401.0
-8.0
-244.0
-400.0
91.0
259.0
115.0
528.0
828.0
285.0
150.0
342.0
-125.0
-608.0
-560.0
-252.0
651.0
1193.0
963.0
911.0
604.0
-6.0
-418.0
-827.0
-649.0
-362.0
-297.0
238.0
891.0
776.0
258.0
-20.0
-386.0
-332.0
-114.0
-204.0
338.0
918.0
694.0
289.0
149.0
-203.0
-514.0
-160.0
380.0
646.0
783.0
619.0
-341.0
-536.0
-359.0
-628.0
-245.0
346.0
519.0
513.0
817.0
1201.0
931.0
-218.0
-1249.0
-1556.0
-1049.0
361.0
1131.0
1017.0
923.0
668.0
578.0
486.0
-137.0
-666.0
-489.0
-121.0
-1.0
205.0
341.0
387.0
119.0
302.0
471.0
393.0
277.0
170.0
24.0
-314.0
-505.0
-599.0
-581.0
-12.0
294.0
441.0
624.0
840.0
523.0
499.0
565.0
-266.0
-764.0
-664.0
-597.0
122.0
958.0
1197.0
980.0
541.0
-270.0
-626.0
-593.0
-827.0
-286.0
395.0
614.0
810.0
823.0
748.0
631.0
10.0
-766.0
-988.0
-578.0
-159.0
333.0
729.0
271.0
350.0
646.0
-70.0
64.0
915.0
777.0
440.0
499.0
-151.0
-824.0
-541.0
-527.0
-623.0
-354.0
-253.0
426.0
1175.0
979.0
837.0
711.0
-327.0
-625.0
-383.0
-347.0
174.0
497.0
222.0
552.0
834.0
418.0
58.0
-448.0
-637.0
-438.0
-41.0
-386.0
-332.0
-114.0
-204.0
338.0
918.0
694.0
289.0
149.0
-203.0
-514.0
-160.0
380.0
646.0
783.0
619.0
-341.0
-536.0
-359.0
-628.0
-245.0
346.0
519.0
513.0
817.0
1201.0
931.0
-218.0
-1249.0
-1556.0
-1049.0
361.0
1131.0
1017.0
923.0
668.0
578.0
486.0
-137.0
-666.0
-489.0
-121.0
-1.0
205.0
341.0
387.0
119.0
302.0
471.0
393.0
277.0
170.0
24.0
-314.0
-505.0
-599.0
-581.0
-12.0
294.0
441.0
624.0
840.0
523.0
499.0
565.0
-266.0
-764.0
-664.0
-597.0
122.0
958.0
1197.0
980.0
541.0
-270.0
-626.0
-593.0
-827.0
-286.0
395.0
614.0
810.0
823.0
748.0
631.0
10.0
-766.0
-988.0
-578.0
-159.0
333.0
729.0
271.0
350.0
646.0
-70.0
64.0
915.0
777.0
440.0
499.0
-151.0
-824.0
-541.0
-527.0
-623.0
-354.0
-253.0
426.0
1175.0
979.0
837.0
711.0
-327.0
-625.0
-383.0
-347.0
174.0
497.0
222.0
552.0
834.0
418.0
58.0
-448.0
-637.0
-438.0
-41.0
630.0
1126.0
1060.0
467.0
161.0
141.0
-144.0
-569.0
-687.0
-247.0
-211.0
-470.0
-180.0
35.0
113.0
202.0
287.0
902.0
1542.0
1094.0
557.0
948.0
710.0
-885.0
-1530.0
-1378.0
-1069.0
126.0
1148.0
1108.0
852.0
217.0
-217.0
280.0
108.0
-422.0
-98.0
-63.0
754.0
1431.0
474.0
-183.0
-255.0
-1067.0
-1327.0
-750.0
-34.0
776.0
1371.0
779.0
752.0
785.0
42.0
-92.0
253.0
322.0
514.0
95.0
-108.0
-427.0
-712.0
-524.0
-249.0
-196.0
-17.0
822.0
1265.0
1259.0
1071.0
244.0
-902.0
-1417.0
-818.0
-200.0
126.0
640.0
660.0
444.0
557.0
382.0
-111.0
-573.0
-682.0
78.0
916.0
1011.0
1043.0
1444.0
631.0
-426.0
-297.0
-423.0
-748.0
-762.0
-352.0
-409.0
-311.0
319.0
143.0
44.0
819.0
833.0
842.0
1436.0
752.0
-31.0
128.0
-549.0
-1584.0
-1269.0
-949.0
-544.0
782.0
1303.0
1223.0
1473.0
794.0
-250.0
-124.0
42.0
-53.0
359.0
582.0
402.0
30.0
-191.0
-249.0
-578.0
630.0
1126.0
1060.0
467.0
161.0
141.0
-144.0
-569.0
-687.0
-247.0
-211.0
-470.0
-180.0
35.0
113.0
202.0
287.0
902.0
1542.0
1094.0
557.0
948.0
710.0
-885.0
-1530.0
-1378.0
-1069.0
126.0
1148.0
1108.0
852.0
217.0
-217.0
280.0
108.0
-422.0
-98.0
-63.0
754.0
1431.0
474.0
-183.0
-255.0
-1067.0
-1327.0
-750.0
-34.0
776.0
1371.0
779.0
752.0
785.0
42.0
-92.0
253.0
322.0
514.0
95.0
-108.0
-427.0
-712.0
-524.0
-249.0
-196.0
