Gv1b1164_114
1
RAW_AUDIO_STREAM
1600
343.0
769.0
759.0
601.0
324.0
-93.0
-376.0
-544.0
-337.0
-67.0
258.0
532.0
559.0
582.0
540.0
291.0
91.0
-62.0
-162.0
-195.0
-85.0
-1.0
62.0
23.0
84.0
109.0
329.0
434.0
506.0
397.0
180.0
40.0
-189.0
-293.0
-274.0
-122.0
21.0
193.0
427.0
470.0
328.0
180.0
39.0
-39.0
81.0
114.0
160.0
315.0
329.0
325.0
265.0
-25.0
-56.0
-122.0
-194.0
93.0
217.0
347.0
250.0
224.0
194.0
256.0
198.0
182.0
188.0
27.0
187.0
101.0
-78.0
-298.0
-351.0
-256.0
-107.0
178.0
341.0
538.0
740.0
637.0
377.0
66.0
-261.0
-435.0
-298.0
-1.0
259.0
626.0
744.0
475.0
244.0
83.0
-68.0
-112.0
-37.0
-12.0
92.0
223.0
192.0
205.0
284.0
172.0
23.0
-39.0
-223.0
-164.0
10.0
165.0
258.0
212.0
71.0
106.0
275.0
435.0
516.0
511.0
434.0
59.0
-264.0
-344.0
-447.0
-321.0
-21.0
349.0
694.0
879.0
785.0
499.0
-44.0
-408.0
-336.0
-312.0
-105.0
287.0
482.0
464.0
220.0
-124.0
-397.0
-438.0
-264.0
40.0
436.0
653.0
679.0
490.0
337.0
304.0
236.0
184.0
136.0
69.0
26.0
-55.0
-201.0
-171.0
-119.0
-128.0
37.0
210.0
293.0
536.0
642.0
519.0
294.0
-54.0
-363.0
-449.0
-445.0
-211.0
154.0
452.0
540.0
404.0
298.0
43.0
-2.0
115.0
183.0
263.0
294.0
450.0
428.0
325.0
282.0
120.0
-85.0
-103.0
-22.0
-120.0
-225.0
-109.0
-113.0
-47.0
46.0
214.0
368.0
547.0
666.0
475.0
186.0
-84.0
-323.0
-424.0
-374.0
-160.0
78.0
468.0
715.0
771.0
698.0
411.0
85.0
-269.0
-431.0
-334.0
-57.0
297.0
469.0
588.0
440.0
147.0
-118.0
-346.0
-285.0
-60.0
205.0
352.0
347.0
360.0
209.0
111.0
151.0
60.0
77.0
158.0
174.0
165.0
36.0
-21.0
-84.0
-124.0
38.0
239.0
383.0
434.0
449.0
483.0
332.0
73.0
-161.0
-409.0
-496.0
-145.0
187.0
456.0
687.0
531.0
-336.0
-312.0
-105.0
287.0
482.0
464.0
220.0
-124.0
-397.0
-438.0
-264.0
40.0
436.0
653.0
679.0
490.0
337.0
304.0
236.0
184.0
136.0
69.0
26.0
-55.0
-201.0
-171.0
-119.0
-128.0
37.0
210.0
293.0
536.0
642.0
519.0
294.0
-54.0
-363.0
-449.0
-445.0
-211.0
154.0
452.0
540.0
404.0
298.0
43.0
-2.0
115.0
183.0
263.0
294.0
450.0
428.0
325.0
282.0
120.0
-85.0
-103.0
-22.0
-120.0
-225.0
-109.0
-113.0
-47.0
46.0
214.0
368.0
547.0
666.0
475.0
186.0
-84.0
-323.0
-424.0
-374.0
-160.0
78.0
468.0
715.0
771.0
698.0
411.0
85.0
-269.0
-431.0
-334.0
-57.0
297.0
469.0
588.0
440.0
147.0
-118.0
-346.0
-285.0
-60.0
205.0
352.0
347.0
360.0
209.0
111.0
151.0
60.0
77.0
158.0
174.0
165.0
36.0
-21.0
-84.0
-124.0
38.0
239.0
383.0
434.0
449.0
483.0
332.0
73.0
-161.0
-409.0
-496.0
-145.0
187.0
456.0
687.0
531.0
278.0
-44.0
-218.0
-162.0
-38.0
148.0
313.0
404.0
335.0
229.0
184.0
165.0
21.0
-15.0
76.0
-1.0
-1.0
114.0
133.0
106.0
104.0
56.0
63.0
310.0
425.0
488.0
529.0
398.0
112.0
-310.0
-512.0
-486.0
-297.0
41.0
482.0
772.0
675.0
451.0
156.0
-240.0
-400.0
-367.0
-142.0
180.0
469.0
662.0
608.0
452.0
233.0
-76.0
-319.0
-323.0
-201.0
98.0
350.0
407.0
287.0
207.0
157.0
150.0
338.0
281.0
309.0
270.0
42.0
-226.0
-308.0
-360.0
-389.0
-10.0
330.0
338.0
484.0
599.0
413.0
131.0
-100.0
-264.0
-327.0
-21.0
463.0
746.0
804.0
584.0
273.0
-35.0
-298.0
-360.0
-268.0
-168.0
-1.0
239.0
401.0
436.0
420.0
427.0
197.0
-27.0
-80.0
-104.0
-122.0
108.0
169.0
-32.0
-146.0
-240.0
-191.0
156.0
543.0
734.0
725.0
683.0
334.0
-79.0
-287.0
-424.0
-277.0
-28.0
206.0
516.0
536.0
254.0
187.0
102.0
-16.0
-111.0
-99.0
58.0
278.0
-44.0
-218.0
-162.0
-38.0
148.0
313.0
404.0
335.0
229.0
184.0
165.0
21.0
-15.0
76.0
-1.0
-1.0
114.0
133.0
106.0
104.0
56.0
63.0
310.0
425.0
488.0
529.0
398.0
112.0
-310.0
-512.0
-486.0
-297.0
41.0
482.0
772.0
675.0
451.0
156.0
-240.0
-400.0
-367.0
-142.0
180.0
469.0
662.0
608.0
452.0
233.0
-76.0
-319.0
-323.0
-201.0
98.0
350.0
407.0
287.0
207.0
157.0
150.0
338.0
281.0
309.0
270.0
42.0
-226.0
-308.0
-360.0
-389.0
-10.0
330.0
338.0
484.0
599.0
413.0
131.0
-100.0
-264.0
-327.0
-21.0
463.0
746.0
804.0
584.0
273.0
-35.0
-298.0
-360.0
-268.0
-168.0
-1.0
239.0
401.0
436.0
420.0
427.0
197.0
-27.0
-80.0
-104.0
-122.0
108.0
169.0
-32.0
-146.0
-240.0
-191.0
156.0
543.0
734.0
725.0
683.0
334.0
-79.0
-287.0
-424.0
-277.0
-28.0
206.0
516.0
536.0
254.0
187.0
102.0
-16.0
-111.0
-99.0
58.0
262.0
447.0
529.0
297.0
-68.0
-342.0
-419.0
-306.0
62.0
325.0
344.0
359.0
214.0
214.0
383.0
413.0
359.0
428.0
375.0
237.0
-1.0
-340.0
-545.0
-510.0
-304.0
-1.0
290.0
477.0
646.0
600.0
465.0
238.0
-217.0
-497.0
-537.0
-217.0
262.0
650.0
853.0
675.0
253.0
-225.0
-399.0
-196.0
-7.0
128.0
235.0
515.0
661.0
573.0
311.0
121.0
-40.0
-202.0
-230.0
-166.0
-5.0
63.0
67.0
31.0
-16.0
-14.0
96.0
379.0
608.0
511.0
464.0
249.0
4.0
-160.0
-344.0
-266.0
-164.0
27.0
292.0
510.0
666.0
549.0
260.0
172.0
119.0
-87.0
-19.0
-13.0
100.0
264.0
211.0
43.0
-202.0
-290.0
-267.0
-37.0
307.0
543.0
540.0
438.0
318.0
13.0
-9.0
140.0
176.0
272.0
305.0
193.0
-57.0
-233.0
-449.0
-418.0
-57.0
51.0
493.0
721.0
828.0
932.0
419.0
147.0
-152.0
-630.0
-572.0
-430.0
-19.0
373.0
579.0
559.0
436.0
263.0
29.0
-15.0
262.0
447.0
529.0
297.0
-68.0
-342.0
-419.0
-306.0
62.0
325.0
344.0
359.0
214.0
214.0
383.0
413.0
359.0
428.0
375.0
237.0
-1.0
-340.0
-545.0
-510.0
-304.0
-1.0
290.0
477.0
646.0
600.0
465.0
238.0
-217.0
-497.0
-537.0
-217.0
262.0
650.0
853.0
675.0
253.0
-225.0
-399.0
-196.0
-7.0
128.0
235.0
515.0
661.0
573.0
311.0
121.0
-40.0
-202.0
-230.0
-166.0
-5.0
63.0
67.0
31.0
-16.0
-14.0
96.0
379.0
608.0
511.0
464.0
249.0
4.0
-160.0
-344.0
-266.0
-164.0
27.0
292.0
510.0
666.0
549.0
260.0
172.0
119.0
-87.0
-19.0
-13.0
100.0
264.0
211.0
43.0
-202.0
-290.0
-267.0
-37.0
307.0
543.0
540.0
438.0
318.0
13.0
-9.0
140.0
176.0
272.0
305.0
193.0
-57.0
-233.0
-449.0
-418.0
-57.0
51.0
493.0
721.0
828.0
932.0
419.0
147.0
-152.0
-630.0
-572.0
-430.0
-19.0
373.0
579.0
559.0
436.0
263.0
29.0
-15.0
-81.0
-20.0
102.0
177.0
422.0
433.0
400.0
278.0
-3.0
-159.0
-179.0
-184.0
-53.0
131.0
188.0
205.0
284.0
137.0
106.0
360.0
444.0
396.0
260.0
54.0
-133.0
-382.0
-442.0
-326.0
-27.0
283.0
582.0
802.0
638.0
398.0
150.0
-93.0
-86.0
-9.0
60.0
149.0
248.0
282.0
145.0
29.0
-232.0
-353.0
-127.0
94.0
274.0
482.0
592.0
414.0
196.0
143.0
18.0
37.0
157.0
209.0
249.0
107.0
-22.0
-186.0
-267.0
-178.0
-121.0
62.0
278.0
407.0
645.0
807.0
625.0
169.0
-322.0
-558.0
-608.0
-372.0
140.0
554.0
797.0
703.0
571.0
251.0
-114.0
-215.0
-108.0
32.0
-1.0
217.0
370.0
251.0
214.0
80.0
-51.0
-133.0
23.0
124.0
81.0
126.0
32.0
58.0
107.0
231.0
400.0
500.0
525.0
387.0
198.0
-60.0
-352.0
-455.0
-489.0
-285.0
136.0
455.0
702.0
846.0
764.0
498.0
148.0
-79.0
-272.0
-420.0
-270.0
-9.0
315.0
493.0
452.0
182.0
-81.0
-20.0
102.0
177.0
422.0
433.0
400.0
278.0
-3.0
-159.0
-179.0
-184.0
-53.0
131.0
188.0
205.0
284.0
137.0
106.0
360.0
444.0
396.0
260.0
54.0
-133.0
-382.0
-442.0
-326.0
-27.0
283.0
582.0
802.0
638.0
398.0
150.0
-93.0
-86.0
-9.0
60.0
149.0
248.0
282.0
145.0
29.0
-232.0
-353.0
-127.0
94.0
274.0
482.0
592.0
414.0
196.0
143.0
18.0
37.0
157.0
209.0
249.0
107.0
-22.0
-186.0
-267.0
-178.0
-121.0
62.0
278.0
407.0
645.0
807.0
625.0
169.0
-322.0
-558.0
-608.0
-372.0
140.0
554.0
797.0
703.0
571.0
251.0
-114.0
-215.0
-108.0
32.0
-1.0
217.0
370.0
251.0
214.0
80.0
-51.0
-133.0
23.0
124.0
81.0
126.0
32.0
58.0
107.0
231.0
400.0
500.0
525.0
387.0
198.0
-60.0
-352.0
-455.0
-489.0
-285.0
136.0
455.0
702.0
846.0
764.0
498.0
148.0
-79.0
-272.0
-420.0
-270.0
-9.0
315.0
493.0
452.0
182.0
-131.0
-334.0
-472.0
-300.0
158.0
560.0
739.0
738.0
540.0
148.0
-65.0
-65.0
-1.0
152.0
457.0
404.0
1.0
-161.0
-305.0
-406.0
-174.0
92.0
152.0
461.0
757.0
792.0
506.0
6.0
-454.0
-681.0
-617.0
-89.0
427.0
703.0
819.0
612.0
162.0
-45.0
-63.0
-64.0
-55.0
-111.0
211.0
463.0
437.0
353.0
143.0
-28.0
-1.0
114.0
139.0
116.0
123.0
99.0
-15.0
-145.0
-106.0
-24.0
0.0
274.0
486.0
491.0
548.0
400.0
-27.0
-448.0
-570.0
-396.0
-55.0
408.0
851.0
971.0
702.0
267.0
-202.0
-423.0
-345.0
-133.0
-7.0
328.0
407.0
377.0
572.0
451.0
112.0
-257.0
-431.0
-430.0
-184.0
253.0
352.0
350.0
361.0
229.0
197.0
262.0
361.0
401.0
321.0
267.0
-10.0
-296.0
-388.0
-375.0
-149.0
25.0
227.0
409.0
637.0
673.0
461.0
288.0
-73.0
-426.0
-393.0
-132.0
190.0
511.0
636.0
379.0
214.0
107.0
-180.0
-259.0
-112.0
-132.0
86.0
576.0
-131.0
-334.0
-472.0
-300.0
158.0
560.0
739.0
738.0
540.0
148.0
-65.0
-65.0
-1.0
152.0
457.0
404.0
1.0
-161.0
-305.0
-406.0
-174.0
92.0
152.0
461.0
757.0
792.0
506.0
6.0
-454.0
-681.0
-617.0
-89.0
427.0
703.0
819.0
612.0
162.0
-45.0
-63.0
-64.0
-55.0
-111.0
211.0
463.0
437.0
353.0
143.0
-28.0
-1.0
114.0
139.0
116.0
123.0
99.0
-15.0
-145.0
-106.0
-24.0
0.0
274.0
486.0
491.0
548.0
400.0
-27.0
-448.0
-570.0
-396.0
-55.0
408.0
851.0
971.0
702.0
267.0
-202.0
-423.0
-345.0
-133.0
-7.0
328.0
407.0
377.0
572.0
451.0
112.0
-257.0
-431.0
-430.0
-184.0
253.0
352.0
350.0
361.0
229.0
197.0
262.0
361.0
401.0
321.0
267.0
-10.0
-296.0
-388.0
-375.0
-149.0
25.0
227.0
409.0
637.0
673.0
461.0
288.0
-73.0
-426.0
-393.0
-132.0
190.0
511.0
636.0
379.0
214.0
107.0
-180.0
-259.0
-112.0
-132.0
86.0
576.0
635.0
418.0
345.0
76.0
-220.0
-183.0
1.0
253.0
170.0
17.0
-64.0
-124.0
-51.0
26.0
92.0
271.0
490.0
683.0
741.0
542.0
155.0
-258.0
-512.0
-597.0
-391.0
-37.0
261.0
515.0
644.0
511.0
285.0
186.0
98.0
-123.0
-188.0
-61.0
116.0
295.0
452.0
576.0
385.0
-76.0
-455.0
-499.0
-291.0
79.0
335.0
519.0
489.0
391.0
374.0
393.0
339.0
325.0
145.0
-122.0
-214.0
-310.0
-315.0
-389.0
-230.0
25.0
175.0
424.0
765.0
817.0
650.0
331.0
-37.0
-379.0
-492.0
-265.0
81.0
304.0
430.0
389.0
275.0
185.0
-94.0
-156.0
-159.0
-6.0
310.0
559.0
574.0
497.0
428.0
164.0
-5.0
-189.0
-352.0
-344.0
-171.0
-53.0
92.0
262.0
132.0
164.0
252.0
113.0
178.0
522.0
492.0
438.0
343.0
35.0
-225.0
-522.0
-598.0
-291.0
178.0
564.0
758.0
688.0
464.0
228.0
39.0
-90.0
-101.0
14.0
72.0
233.0
383.0
303.0
203.0
-35.0
-333.0
-439.0
635.0
418.0
345.0
76.0
-220.0
-183.0
1.0
253.0
170.0
17.0
-64.0
-124.0
-51.0
26.0
92.0
271.0
490.0
683.0
741.0
542.0
155.0
-258.0
-512.0
-597.0
-391.0
-37.0
261.0
515.0
644.0
511.0
285.0
186.0
98.0
-123.0
-188.0
-61.0
116.0
295.0
452.0
576.0
385.0
-76.0
-455.0
-499.0
-291.0
79.0
335.0
519.0
489.0
391.0
374.0
393.0
339.0
325.0
145.0
-122.0
-214.0
-310.0
-315.0
-389.0
-230.0
25.0
175.0
424.0
