Gv1b1164_119
1
RAW_AUDIO_STREAM
1600
-283.0
199.0
712.0
924.0
986.0
762.0
153.0
-408.0
-635.0
-433.0
-90.0
100.0
300.0
585.0
761.0
562.0
-18.0
-674.0
-741.0
-485.0
-91.0
534.0
866.0
554.0
99.0
-15.0
-117.0
-51.0
223.0
360.0
420.0
425.0
321.0
-56.0
-230.0
-313.0
-297.0
124.0
385.0
430.0
663.0
755.0
408.0
184.0
-106.0
-529.0
-738.0
-468.0
-25.0
407.0
786.0
734.0
330.0
-60.0
-213.0
-93.0
-62.0
86.0
236.0
148.0
301.0
514.0
506.0
308.0
12.0
-102.0
-158.0
-9.0
118.0
-5.0
-4.0
33.0
18.0
14.0
76.0
294.0
584.0
810.0
775.0
427.0
-121.0
-779.0
-818.0
-494.0
-249.0
220.0
687.0
871.0
687.0
216.0
-118.0
-397.0
-608.0
-460.0
-16.0
424.0
884.0
925.0
694.0
485.0
-109.0
-623.0
-508.0
-304.0
126.0
572.0
612.0
483.0
327.0
178.0
-15.0
43.0
267.0
198.0
66.0
76.0
-172.0
-370.0
-373.0
-245.0
-189.0
-174.0
436.0
745.0
834.0
756.0
350.0
162.0
-309.0
-647.0
-292.0
151.0
483.0
831.0
867.0
286.0
-216.0
-343.0
-306.0
-38.0
260.0
333.0
413.0
640.0
604.0
279.0
-72.0
-277.0
-365.0
-358.0
-36.0
282.0
109.0
-132.0
-168.0
-90.0
7.0
104.0
282.0
563.0
837.0
810.0
532.0
306.0
-219.0
-630.0
-697.0
-404.0
231.0
839.0
1035.0
930.0
521.0
-86.0
-470.0
-528.0
-373.0
-116.0
9.0
110.0
430.0
636.0
498.0
130.0
-198.0
-350.0
-395.0
-172.0
204.0
520.0
508.0
322.0
108.0
132.0
479.0
658.0
370.0
222.0
237.0
121.0
-275.0
-470.0
-489.0
-412.0
27.0
471.0
809.0
919.0
762.0
349.0
-117.0
-336.0
-660.0
-825.0
-563.0
82.0
768.0
945.0
843.0
454.0
-219.0
-570.0
-415.0
-124.0
186.0
465.0
703.0
934.0
948.0
604.0
150.0
-281.0
-490.0
-379.0
-195.0
-186.0
-94.0
105.0
184.0
238.0
175.0
37.0
19.0
353.0
636.0
541.0
419.0
246.0
-289.0
-674.0
-653.0
-357.0
81.0
572.0
759.0
897.0
-309.0
-647.0
-292.0
151.0
483.0
831.0
867.0
286.0
-216.0
-343.0
-306.0
-38.0
260.0
333.0
413.0
640.0
604.0
279.0
-72.0
-277.0
-365.0
-358.0
-36.0
282.0
109.0
-132.0
-168.0
-90.0
7.0
104.0
282.0
563.0
837.0
810.0
532.0
306.0
-219.0
-630.0
-697.0
-404.0
231.0
839.0
1035.0
930.0
521.0
-86.0
-470.0
-528.0
-373.0
-116.0
9.0
110.0
430.0
636.0
498.0
130.0
-198.0
-350.0
-395.0
-172.0
204.0
520.0
508.0
322.0
108.0
132.0
479.0
658.0
370.0
222.0
237.0
121.0
-275.0
-470.0
-489.0
-412.0
27.0
471.0
809.0
919.0
762.0
349.0
-117.0
-336.0
-660.0
-825.0
-563.0
82.0
768.0
945.0
843.0
454.0
-219.0
-570.0
-415.0
-124.0
186.0
465.0
703.0
934.0
948.0
604.0
150.0
-281.0
-490.0
-379.0
-195.0
-186.0
-94.0
105.0
184.0
238.0
175.0
37.0
19.0
353.0
636.0
541.0
419.0
246.0
-289.0
-674.0
-653.0
-357.0
81.0
572.0
759.0
897.0
688.0
109.0
-68.0
-68.0
-134.0
-138.0
69.0
399.0
530.0
570.0
385.0
-133.0
-498.0
-463.0
-280.0
40.0
542.0
662.0
475.0
197.0
-148.0
-132.0
173.0
426.0
511.0
328.0
139.0
-57.0
-457.0
-720.0
-697.0
-251.0
209.0
624.0
1146.0
1328.0
1048.0
678.0
153.0
-592.0
-1128.0
-1084.0
-527.0
442.0
1270.0
1227.0
737.0
117.0
-479.0
-685.0
-455.0
-242.0
-49.0
470.0
912.0
869.0
494.0
59.0
-378.0
-633.0
-503.0
-38.0
408.0
378.0
181.0
476.0
609.0
274.0
27.0
4.0
84.0
344.0
579.0
546.0
226.0
-332.0
-658.0
-581.0
-179.0
435.0
651.0
618.0
663.0
291.0
-133.0
-246.0
-345.0
-573.0
-464.0
101.0
547.0
647.0
535.0
268.0
-27.0
-154.0
35.0
166.0
255.0
574.0
730.0
442.0
-94.0
-283.0
-5.0
143.0
140.0
320.0
496.0
402.0
166.0
-212.0
-447.0
-615.0
-565.0
-149.0
348.0
833.0
1087.0
817.0
286.0
-114.0
-474.0
-876.0
-802.0
-319.0
450.0
1060.0
688.0
109.0
-68.0
-68.0
-134.0
-138.0
69.0
399.0
530.0
570.0
385.0
-133.0
-498.0
-463.0
-280.0
40.0
542.0
662.0
475.0
197.0
-148.0
-132.0
173.0
426.0
511.0
328.0
139.0
-57.0
-457.0
-720.0
-697.0
-251.0
209.0
624.0
1146.0
1328.0
1048.0
678.0
153.0
-592.0
-1128.0
-1084.0
-527.0
442.0
1270.0
1227.0
737.0
117.0
-479.0
-685.0
-455.0
-242.0
-49.0
470.0
912.0
869.0
494.0
59.0
-378.0
-633.0
-503.0
-38.0
408.0
378.0
181.0
476.0
609.0
274.0
27.0
4.0
84.0
344.0
579.0
546.0
226.0
-332.0
-658.0
-581.0
-179.0
435.0
651.0
618.0
663.0
291.0
-133.0
-246.0
-345.0
-573.0
-464.0
101.0
547.0
647.0
535.0
268.0
-27.0
-154.0
35.0
166.0
255.0
574.0
730.0
442.0
-94.0
-283.0
-5.0
143.0
140.0
320.0
496.0
402.0
166.0
-212.0
-447.0
-615.0
-565.0
-149.0
348.0
833.0
1087.0
817.0
286.0
-114.0
-474.0
-876.0
-802.0
-319.0
450.0
1060.0
1145.0
1050.0
680.0
123.0
-361.0
-652.0
-498.0
-84.0
293.0
565.0
752.0
652.0
210.0
-166.0
-383.0
-365.0
-162.0
82.0
133.0
-55.0
47.0
218.0
134.0
83.0
198.0
164.0
249.0
608.0
630.0
176.0
-256.0
-589.0
-664.0
-95.0
678.0
912.0
781.0
798.0
706.0
187.0
-290.0
-682.0
-790.0
-333.0
335.0
637.0
739.0
599.0
-20.0
-485.0
-649.0
-708.0
-426.0
261.0
881.0
1080.0
827.0
219.0
-252.0
-230.0
64.0
321.0
530.0
551.0
383.0
21.0
-251.0
-315.0
-591.0
-645.0
-140.0
433.0
839.0
963.0
775.0
598.0
410.0
-226.0
-753.0
-871.0
-772.0
-153.0
575.0
872.0
844.0
605.0
230.0
-277.0
-556.0
-495.0
-255.0
169.0
690.0
970.0
790.0
461.0
-53.0
-341.0
-123.0
-36.0
-135.0
-23.0
18.0
63.0
-33.0
-30.0
212.0
357.0
616.0
760.0
642.0
417.0
-153.0
-712.0
-867.0
-638.0
-1.0
542.0
916.0
721.0
378.0
287.0
-22.0
-295.0
-294.0
-369.0
-99.0
262.0
1145.0
1050.0
680.0
123.0
-361.0
-652.0
-498.0
-84.0
293.0
565.0
752.0
652.0
210.0
-166.0
-383.0
-365.0
-162.0
82.0
133.0
-55.0
47.0
218.0
134.0
83.0
198.0
164.0
249.0
608.0
630.0
176.0
-256.0
-589.0
-664.0
-95.0
678.0
912.0
781.0
798.0
706.0
187.0
-290.0
-682.0
-790.0
-333.0
335.0
637.0
739.0
599.0
-20.0
-485.0
-649.0
-708.0
-426.0
261.0
881.0
1080.0
827.0
219.0
-252.0
-230.0
64.0
321.0
530.0
551.0
383.0
21.0
-251.0
-315.0
-591.0
-645.0
-140.0
433.0
839.0
963.0
775.0
598.0
410.0
-226.0
-753.0
-871.0
-772.0
-153.0
575.0
872.0
844.0
605.0
230.0
-277.0
-556.0
-495.0
-255.0
169.0
690.0
970.0
790.0
461.0
-53.0
-341.0
-123.0
-36.0
-135.0
-23.0
18.0
63.0
-33.0
-30.0
212.0
357.0
616.0
760.0
642.0
417.0
-153.0
-712.0
-867.0
-638.0
-1.0
542.0
916.0
721.0
378.0
287.0
-22.0
-295.0
-294.0
-369.0
-99.0
262.0
781.0
1142.0
870.0
72.0
-380.0
-449.0
-552.0
-248.0
177.0
471.0
693.0
498.0
202.0
310.0
258.0
65.0
104.0
147.0
4.0
-104.0
-59.0
-147.0
-422.0
-685.0
-228.0
307.0
378.0
689.0
958.0
791.0
404.0
-134.0
-385.0
-487.0
-462.0
250.0
910.0
972.0
447.0
151.0
-57.0
-304.0
-130.0
257.0
343.0
126.0
103.0
185.0
295.0
297.0
41.0
112.0
-90.0
-206.0
-149.0
-177.0
-374.0
-246.0
150.0
194.0
166.0
190.0
359.0
888.0
1057.0
647.0
252.0
-230.0
-742.0
-790.0
-330.0
235.0
511.0
627.0
801.0
926.0
639.0
12.0
-331.0
-551.0
-659.0
-433.0
-42.0
438.0
818.0
858.0
321.0
-287.0
-674.0
-906.0
-503.0
369.0
855.0
816.0
599.0
579.0
505.0
418.0
245.0
96.0
21.0
-44.0
48.0
-46.0
-481.0
-538.0
-353.0
-122.0
249.0
753.0
870.0
696.0
501.0
113.0
-272.0
-533.0
-538.0
-256.0
22.0
393.0
705.0
630.0
238.0
-65.0
-49.0
-44.0
-29.0
223.0
781.0
1142.0
870.0
72.0
-380.0
-449.0
-552.0
-248.0
177.0
471.0
693.0
498.0
202.0
310.0
258.0
65.0
104.0
147.0
4.0
-104.0
-59.0
-147.0
-422.0
-685.0
-228.0
307.0
378.0
689.0
958.0
791.0
404.0
-134.0
-385.0
-487.0
-462.0
250.0
910.0
972.0
447.0
151.0
-57.0
-304.0
-130.0
257.0
343.0
126.0
103.0
185.0
295.0
297.0
41.0
112.0
-90.0
-206.0
-149.0
-177.0
-374.0
-246.0
150.0
194.0
166.0
190.0
359.0
888.0
1057.0
647.0
252.0
-230.0
-742.0
-790.0
-330.0
235.0
511.0
627.0
801.0
926.0
639.0
12.0
-331.0
-551.0
-659.0
-433.0
-42.0
438.0
818.0
858.0
321.0
-287.0
-674.0
-906.0
-503.0
369.0
855.0
816.0
599.0
579.0
505.0
418.0
245.0
96.0
21.0
-44.0
48.0
-46.0
-481.0
-538.0
-353.0
-122.0
249.0
753.0
870.0
696.0
501.0
113.0
-272.0
-533.0
-538.0
-256.0
22.0
393.0
705.0
630.0
238.0
-65.0
-49.0
-44.0
-29.0
223.0
427.0
530.0
441.0
412.0
407.0
53.0
-276.0
-275.0
-225.0
93.0
456.0
386.0
38.0
-32.0
-87.0
-237.0
-139.0
176.0
491.0
748.0
808.0
519.0
-62.0
-512.0
-780.0
-864.0
-353.0
478.0
928.0
1054.0
943.0
398.0
-165.0
-445.0
-561.0
-319.0
116.0
444.0
639.0
630.0
376.0
-40.0
-172.0
-145.0
-125.0
154.0
376.0
428.0
337.0
-106.0
-451.0
-135.0
447.0
692.0
544.0
224.0
-177.0
-218.0
-208.0
-411.0
-403.0
-256.0
-46.0
355.0
806.0
1058.0
1061.0
831.0
359.0
-370.0
-801.0
-770.0
-479.0
155.0
873.0
1178.0
790.0
141.0
-276.0
-538.0
-608.0
-266.0
187.0
269.0
435.0
683.0
484.0
295.0
164.0
-207.0
-314.0
-154.0
-46.0
10.0
148.0
282.0
149.0
30.0
74.0
175.0
191.0
296.0
623.0
799.0
496.0
8.0
-515.0
-589.0
-213.0
139.0
513.0
694.0
550.0
514.0
355.0
-135.0
-410.0
-498.0
-511.0
-271.0
207.0
403.0
471.0
507.0
-24.0
-379.0
-143.0
-30.0
427.0
530.0
441.0
412.0
407.0
53.0
-276.0
-275.0
-225.0
93.0
456.0
386.0
38.0
-32.0
-87.0
-237.0
-139.0
176.0
491.0
748.0
808.0
519.0
-62.0
-512.0
-780.0
-864.0
-353.0
478.0
928.0
1054.0
943.0
398.0
-165.0
-445.0
-561.0
-319.0
116.0
444.0
639.0
630.0
376.0
-40.0
-172.0
-145.0
-125.0
154.0
376.0
428.0
337.0
-106.0
-451.0
-135.0
447.0
692.0
544.0
224.0
-177.0
-218.0
-208.0
-411.0
-403.0
-256.0
-46.0
355.0
806.0
1058.0
1061.0
831.0
359.0
-370.0
-801.0
-770.0
-479.0
155.0
873.0
1178.0
790.0
141.0
-276.0
-538.0
-608.0
-266.0
187.0
269.0
435.0
683.0
484.0
295.0
164.0
-207.0
-314.0
-154.0
-46.0
10.0
148.0
282.0
149.0
30.0
74.0
175.0
191.0
296.0
623.0
799.0
496.0
8.0
-515.0
-589.0
-213.0
139.0
513.0
694.0
550.0
514.0
355.0
-135.0
-410.0
-498.0
-511.0
-271.0
207.0
403.0
471.0
507.0
-24.0
-379.0
-143.0
-30.0
163.0
533.0
818.0
849.0
625.0
226.0
-132.0
-185.0
-20.0
105.0
384.0
537.0
166.0
-90.0
-386.0
-795.0
-771.0
-356.0
288.0
1029.0
1294.0
933.0
459.0
15.0
-570.0
-968.0
-907.0
-494.0
200.0
871.0
1161.0
1146.0
728.0
-41.0
-454.0
-400.0
-443.0
-313.0
163.0
453.0
729.0
1011.0
790.0
164.0
-273.0
-373.0
-305.0
16.0
103.0
-10.0
-3.0
70.0
-14.0
-86.0
58.0
26.0
147.0
519.0
711.0
638.0
290.0
-219.0
-533.0
-407.0
89.0
360.0
503.0
723.0
643.0
280.0
-130.0
-409.0
-406.0
-284.0
26.0
380.0
610.0
756.0
620.0
172.0
-357.0
-502.0
-397.0
-278.0
80.0
564.0
603.0
241.0
11.0
-63.0
-49.0
161.0
304.0
314.0
602.0
778.0
412.0
-261.0
-769.0
-937.0
-644.0
62.0
687.0
979.0
1093.0
867.0
340.0
-65.0
-402.0
-727.0
-641.0
-280.0
383.0
987.0
946.0
614.0
167.0
-270.0
-537.0
-602.0
-379.0
-73.0
91.0
679.0
1048.0
905.0
489.0
1.0
163.0
533.0
818.0
849.0
625.0
226.0
-132.0
-185.0
-20.0
105.0
384.0
537.0
166.0
-90.0
-386.0
-795.0
-771.0
-356.0
288.0
1029.0
1294.0
933.0
459.0
15.0
-570.0
-968.0
-907.0
-494.0
200.0
871.0
1161.0
1146.0
728.0
-41.0
-454.0
-400.0
-443.0
-313.0
163.0
453.0
729.0
1011.0
790.0
164.0
-273.0
-373.0
-305.0
16.0
103.0
-10.0
-3.0
70.0
-14.0
-86.0
58.0
26.0
147.0
519.0
711.0
638.0
290.0
-219.0
-533.0
-407.0
