Gv1b1164_115
1
RAW_AUDIO_STREAM
1600
-81.0
-20.0
102.0
177.0
422.0
433.0
400.0
278.0
-3.0
-159.0
-179.0
-184.0
-53.0
131.0
188.0
205.0
284.0
137.0
106.0
360.0
444.0
396.0
260.0
54.0
-133.0
-382.0
-442.0
-326.0
-27.0
283.0
582.0
802.0
638.0
398.0
150.0
-93.0
-86.0
-9.0
60.0
149.0
248.0
282.0
145.0
29.0
-232.0
-353.0
-127.0
94.0
274.0
482.0
592.0
414.0
196.0
143.0
18.0
37.0
157.0
209.0
249.0
107.0
-22.0
-186.0
-267.0
-178.0
-121.0
62.0
278.0
407.0
645.0
807.0
625.0
169.0
-322.0
-558.0
-608.0
-372.0
140.0
554.0
797.0
703.0
571.0
251.0
-114.0
-215.0
-108.0
32.0
-1.0
217.0
370.0
251.0
214.0
80.0
-51.0
-133.0
23.0
124.0
81.0
126.0
32.0
58.0
107.0
231.0
400.0
500.0
525.0
387.0
198.0
-60.0
-352.0
-455.0
-489.0
-285.0
136.0
455.0
702.0
846.0
764.0
498.0
148.0
-79.0
-272.0
-420.0
-270.0
-9.0
315.0
493.0
452.0
182.0
-131.0
-334.0
-472.0
-300.0
158.0
560.0
739.0
738.0
540.0
148.0
-65.0
-65.0
-1.0
152.0
457.0
404.0
1.0
-161.0
-305.0
-406.0
-174.0
92.0
152.0
461.0
757.0
792.0
506.0
6.0
-454.0
-681.0
-617.0
-89.0
427.0
703.0
819.0
612.0
162.0
-45.0
-63.0
-64.0
-55.0
-111.0
211.0
463.0
437.0
353.0
143.0
-28.0
-1.0
114.0
139.0
116.0
123.0
99.0
-15.0
-145.0
-106.0
-24.0
0.0
274.0
486.0
491.0
548.0
400.0
-27.0
-448.0
-570.0
-396.0
-55.0
408.0
851.0
971.0
702.0
267.0
-202.0
-423.0
-345.0
-133.0
-7.0
328.0
407.0
377.0
572.0
451.0
112.0
-257.0
-431.0
-430.0
-184.0
253.0
352.0
350.0
361.0
229.0
197.0
262.0
361.0
401.0
321.0
267.0
-10.0
-296.0
-388.0
-375.0
-149.0
25.0
227.0
409.0
637.0
673.0
461.0
288.0
-73.0
-426.0
-393.0
-132.0
190.0
511.0
636.0
379.0
214.0
107.0
-180.0
-259.0
-112.0
-132.0
86.0
576.0
-131.0
-334.0
-472.0
-300.0
158.0
560.0
739.0
738.0
540.0
148.0
-65.0
-65.0
-1.0
152.0
457.0
404.0
1.0
-161.0
-305.0
-406.0
-174.0
92.0
152.0
461.0
757.0
792.0
506.0
6.0
-454.0
-681.0
-617.0
-89.0
427.0
703.0
819.0
612.0
162.0
-45.0
-63.0
-64.0
-55.0
-111.0
211.0
463.0
437.0
353.0
143.0
-28.0
-1.0
114.0
139.0
116.0
123.0
99.0
-15.0
-145.0
-106.0
-24.0
0.0
274.0
486.0
491.0
548.0
400.0
-27.0
-448.0
-570.0
-396.0
-55.0
408.0
851.0
971.0
702.0
267.0
-202.0
-423.0
-345.0
-133.0
-7.0
328.0
407.0
377.0
572.0
451.0
112.0
-257.0
-431.0
-430.0
-184.0
253.0
352.0
350.0
361.0
229.0
197.0
262.0
361.0
401.0
321.0
267.0
-10.0
-296.0
-388.0
-375.0
-149.0
25.0
227.0
409.0
637.0
673.0
461.0
288.0
-73.0
-426.0
-393.0
-132.0
190.0
511.0
636.0
379.0
214.0
107.0
-180.0
-259.0
-112.0
-132.0
86.0
576.0
635.0
418.0
345.0
76.0
-220.0
-183.0
1.0
253.0
170.0
17.0
-64.0
-124.0
-51.0
26.0
92.0
271.0
490.0
683.0
741.0
542.0
155.0
-258.0
-512.0
-597.0
-391.0
-37.0
261.0
515.0
644.0
511.0
285.0
186.0
98.0
-123.0
-188.0
-61.0
116.0
295.0
452.0
576.0
385.0
-76.0
-455.0
-499.0
-291.0
79.0
335.0
519.0
489.0
391.0
374.0
393.0
339.0
325.0
145.0
-122.0
-214.0
-310.0
-315.0
-389.0
-230.0
25.0
175.0
424.0
765.0
817.0
650.0
331.0
-37.0
-379.0
-492.0
-265.0
81.0
304.0
430.0
389.0
275.0
185.0
-94.0
-156.0
-159.0
-6.0
310.0
559.0
574.0
497.0
428.0
164.0
-5.0
-189.0
-352.0
-344.0
-171.0
-53.0
92.0
262.0
132.0
164.0
252.0
113.0
178.0
522.0
492.0
438.0
343.0
35.0
-225.0
-522.0
-598.0
-291.0
178.0
564.0
758.0
688.0
464.0
228.0
39.0
-90.0
-101.0
14.0
72.0
233.0
383.0
303.0
203.0
-35.0
-333.0
-439.0
635.0
418.0
345.0
76.0
-220.0
-183.0
1.0
253.0
170.0
17.0
-64.0
-124.0
-51.0
26.0
92.0
271.0
490.0
683.0
741.0
542.0
155.0
-258.0
-512.0
-597.0
-391.0
-37.0
261.0
515.0
644.0
511.0
285.0
186.0
98.0
-123.0
-188.0
-61.0
116.0
295.0
452.0
576.0
385.0
-76.0
-455.0
-499.0
-291.0
79.0
335.0
519.0
489.0
391.0
374.0
393.0
339.0
325.0
145.0
-122.0
-214.0
-310.0
-315.0
-389.0
-230.0
25.0
175.0
424.0
765.0
817.0
650.0
331.0
-37.0
-379.0
-492.0
-265.0
81.0
304.0
430.0
389.0
275.0
185.0
-94.0
-156.0
-159.0
-6.0
310.0
559.0
574.0
497.0
428.0
164.0
-5.0
-189.0
-352.0
-344.0
-171.0
-53.0
92.0
262.0
132.0
164.0
252.0
113.0
178.0
522.0
492.0
438.0
343.0
35.0
-225.0
-522.0
-598.0
-291.0
178.0
564.0
758.0
688.0
464.0
228.0
39.0
-90.0
-101.0
14.0
72.0
233.0
383.0
303.0
203.0
-35.0
-333.0
-439.0
-384.0
-58.0
505.0
618.0
527.0
498.0
259.0
-37.0
-61.0
73.0
125.0
100.0
203.0
95.0
-79.0
-50.0
-262.0
-283.0
163.0
351.0
668.0
732.0
728.0
577.0
179.0
-314.0
-764.0
-842.0
-512.0
128.0
606.0
881.0
758.0
352.0
164.0
-47.0
-230.0
-153.0
-154.0
24.0
351.0
475.0
413.0
332.0
97.0
-14.0
-104.0
-99.0
87.0
134.0
267.0
313.0
257.0
61.0
-69.0
-83.0
60.0
285.0
476.0
579.0
437.0
58.0
-248.0
-523.0
-657.0
-297.0
138.0
502.0
786.0
718.0
465.0
199.0
7.0
-169.0
-224.0
-204.0
-112.0
263.0
486.0
604.0
611.0
207.0
-143.0
-310.0
-224.0
82.0
376.0
515.0
394.0
143.0
-42.0
-224.0
-84.0
188.0
359.0
362.0
261.0
180.0
24.0
-59.0
-55.0
-102.0
-214.0
-74.0
230.0
347.0
539.0
719.0
450.0
93.0
-317.0
-573.0
-539.0
-191.0
252.0
726.0
1004.0
759.0
557.0
135.0
-307.0
-276.0
-227.0
-86.0
112.0
229.0
350.0
321.0
-384.0
-58.0
505.0
618.0
527.0
498.0
259.0
-37.0
-61.0
73.0
125.0
100.0
203.0
95.0
-79.0
-50.0
-262.0
-283.0
163.0
351.0
668.0
732.0
728.0
577.0
179.0
-314.0
-764.0
-842.0
-512.0
128.0
606.0
881.0
758.0
352.0
164.0
-47.0
-230.0
-153.0
-154.0
24.0
351.0
475.0
413.0
332.0
97.0
-14.0
-104.0
-99.0
87.0
134.0
267.0
313.0
257.0
61.0
-69.0
-83.0
60.0
285.0
476.0
579.0
437.0
58.0
-248.0
-523.0
-657.0
-297.0
138.0
502.0
786.0
718.0
465.0
199.0
7.0
-169.0
-224.0
-204.0
-112.0
263.0
486.0
604.0
611.0
207.0
-143.0
-310.0
-224.0
82.0
376.0
515.0
394.0
143.0
-42.0
-224.0
-84.0
188.0
359.0
362.0
261.0
180.0
24.0
-59.0
-55.0
-102.0
-214.0
-74.0
230.0
347.0
539.0
719.0
450.0
93.0
-317.0
-573.0
-539.0
-191.0
252.0
726.0
1004.0
759.0
557.0
135.0
-307.0
-276.0
-227.0
-86.0
112.0
229.0
350.0
321.0
219.0
152.0
-3.0
89.0
144.0
70.0
-98.0
-217.0
-65.0
157.0
194.0
208.0
123.0
93.0
342.0
463.0
430.0
298.0
35.0
-222.0
-229.0
-165.0
-27.0
201.0
388.0
618.0
690.0
406.0
61.0
-132.0
-251.0
-211.0
-129.0
8.0
255.0
509.0
645.0
534.0
78.0
-260.0
-311.0
-270.0
-74.0
195.0
334.0
315.0
298.0
97.0
-94.0
-2.0
55.0
222.0
547.0
671.0
569.0
159.0
-150.0
-243.0
-271.0
-136.0
44.0
174.0
434.0
560.0
396.0
164.0
15.0
-326.0
-405.0
-235.0
-107.0
341.0
668.0
736.0
583.0
334.0
13.0
-349.0
-487.0
-353.0
-160.0
183.0
451.0
487.0
560.0
586.0
485.0
301.0
144.0
107.0
18.0
-147.0
-241.0
-160.0
-57.0
-29.0
-30.0
-110.0
120.0
484.0
666.0
675.0
547.0
252.0
-274.0
-485.0
-392.0
-314.0
-48.0
242.0
493.0
637.0
465.0
363.0
90.0
-316.0
-254.0
-105.0
190.0
555.0
719.0
640.0
291.0
-6.0
-206.0
-398.0
-308.0
-133.0
219.0
152.0
-3.0
89.0
144.0
70.0
-98.0
-217.0
-65.0
157.0
194.0
208.0
123.0
93.0
342.0
463.0
430.0
298.0
35.0
-222.0
-229.0
-165.0
-27.0
201.0
388.0
618.0
690.0
406.0
61.0
-132.0
-251.0
-211.0
-129.0
8.0
255.0
509.0
645.0
534.0
78.0
-260.0
-311.0
-270.0
-74.0
195.0
334.0
315.0
298.0
97.0
-94.0
-2.0
55.0
222.0
547.0
671.0
569.0
159.0
-150.0
-243.0
-271.0
-136.0
44.0
174.0
434.0
560.0
396.0
164.0
15.0
-326.0
-405.0
-235.0
-107.0
341.0
668.0
736.0
583.0
334.0
13.0
-349.0
-487.0
-353.0
-160.0
183.0
451.0
487.0
560.0
586.0
485.0
301.0
144.0
107.0
18.0
-147.0
-241.0
-160.0
-57.0
-29.0
-30.0
-110.0
120.0
484.0
666.0
675.0
547.0
252.0
-274.0
-485.0
-392.0
-314.0
-48.0
242.0
493.0
637.0
465.0
363.0
90.0
-316.0
-254.0
-105.0
190.0
555.0
719.0
640.0
291.0
-6.0
-206.0
-398.0
-308.0
-133.0
99.0
274.0
294.0
239.0
241.0
237.0
277.0
433.0
442.0
343.0
292.0
209.0
-104.0
-434.0
-478.0
-507.0
-340.0
-2.0
342.0
491.0
562.0
520.0
489.0
448.0
169.0
-128.0
-173.0
-245.0
-49.0
333.0
547.0
611.0
466.0
134.0
-203.0
-295.0
-343.0
-223.0
28.0
421.0
709.0
594.0
383.0
274.0
30.0
-161.0
-164.0
-179.0
-185.0
-137.0
18.0
256.0
199.0
106.0
101.0
196.0
510.0
783.0
772.0
593.0
230.0
-414.0
-850.0
-871.0
-567.0
-76.0
338.0
642.0
774.0
685.0
552.0
291.0
-1.0
-110.0
-115.0
60.0
349.0
364.0
236.0
95.0
-201.0
-470.0
-479.0
-302.0
48.0
286.0
435.0
531.0
621.0
517.0
405.0
274.0
257.0
241.0
94.0
15.0
-32.0
-320.0
-339.0
-265.0
-253.0
30.0
160.0
222.0
534.0
764.0
739.0
645.0
406.0
-11.0
-573.0
-850.0
-754.0
-288.0
283.0
586.0
713.0
701.0
461.0
123.0
-12.0
-105.0
39.0
179.0
304.0
415.0
322.0
206.0
99.0
274.0
294.0
239.0
241.0
237.0
277.0
433.0
442.0
343.0
292.0
209.0
-104.0
-434.0
-478.0
-507.0
-340.0
-2.0
342.0
491.0
562.0
520.0
489.0
448.0
169.0
-128.0
-173.0
-245.0
-49.0
333.0
547.0
611.0
466.0
134.0
-203.0
-295.0
-343.0
-223.0
28.0
421.0
709.0
594.0
383.0
274.0
30.0
-161.0
-164.0
-179.0
-185.0
-137.0
18.0
256.0
199.0
106.0
101.0
196.0
510.0
783.0
772.0
593.0
230.0
-414.0
-850.0
-871.0
-567.0
-76.0
338.0
642.0
774.0
685.0
552.0
291.0
-1.0
-110.0
-115.0
60.0
349.0
364.0
236.0
95.0
-201.0
-470.0
-479.0
-302.0
48.0
286.0
435.0
531.0
621.0
517.0
405.0
274.0
257.0
241.0
94.0
15.0
-32.0
-320.0
-339.0
-265.0
-253.0
30.0
160.0
222.0
534.0
764.0
739.0
645.0
406.0
-11.0
-573.0
-850.0
-754.0
-288.0
283.0
586.0
713.0
701.0
461.0
123.0
-12.0
-105.0
39.0
179.0
304.0
415.0
322.0
206.0
-87.0
-125.0
-79.0
-138.0
-83.0
114.0
157.0
315.0
447.0
288.0
138.0
12.0
59.0
142.0
218.0
366.0
343.0
-2.0
-308.0
-503.0
-401.0
-306.0
-196.0
220.0
672.0
905.0
927.0
626.0
278.0
-41.0
-134.0
-93.0
-203.0
-12.0
240.0
315.0
168.0
5.0
-69.0
-54.0
-125.0
-1.0
245.0
459.0
355.0
319.0
373.0
209.0
15.0
-13.0
38.0
70.0
142.0
205.0
97.0
-128.0
-354.0
-356.0
-175.0
216.0
480.0
629.0
838.0
789.0
462.0
22.0
-468.0
-726.0
-811.0
-426.0
93.0
521.0
807.0
990.0
765.0
493.0
177.0
-227.0
-447.0
-265.0
-19.0
152.0
196.0
248.0
171.0
82.0
79.0
32.0
121.0
117.0
144.0
286.0
356.0
361.0
345.0
9.0
-160.0
-242.0
10.0
266.0
455.0
447.0
257.0
38.0
-65.0
-210.0
-210.0
-38.0
231.0
468.0
674.0
664.0
467.0
179.0
-328.0
-602.0
-536.0
-332.0
145.0
624.0
672.0
564.0
321.0
-31.0
-264.0
-276.0
-21.0
369.0
-87.0
-125.0
-79.0
-138.0
-83.0
114.0
157.0
315.0
447.0
288.0
138.0
12.0
59.0
142.0
218.0
366.0
343.0
-2.0
-308.0
-503.0
-401.0
-306.0
-196.0
220.0
672.0
905.0
927.0
626.0
278.0
-41.0
-134.0
-93.0
-203.0
-12.0
240.0
315.0
168.0
5.0
-69.0
-54.0
-125.0
-1.0
245.0
459.0
355.0
319.0
373.0
209.0
15.0
-13.0
38.0
70.0
142.0
205.0
97.0
-128.0
-354.0
-356.0
-175.0
216.0
480.0
629.0
838.0
789.0
