Gv1b1164_126
1
RAW_AUDIO_STREAM
1600
-1.0
-405.0
-802.0
-555.0
-377.0
-46.0
674.0
992.0
708.0
672.0
290.0
-538.0
-641.0
-588.0
-384.0
597.0
1075.0
1122.0
1114.0
528.0
-12.0
-280.0
-833.0
-811.0
-264.0
287.0
669.0
492.0
228.0
-153.0
229.0
-296.0
-507.0
26.0
11.0
651.0
665.0
-32.0
-123.0
-167.0
-280.0
270.0
621.0
783.0
719.0
278.0
74.0
-204.0
-396.0
-644.0
-677.0
-135.0
421.0
1083.0
1248.0
677.0
13.0
-541.0
-733.0
-569.0
-337.0
-155.0
313.0
1103.0
1211.0
1228.0
684.0
-191.0
-596.0
-968.0
-733.0
-106.0
-64.0
188.0
754.0
1063.0
827.0
449.0
76.0
-167.0
-79.0
111.0
223.0
-64.0
-119.0
105.0
2.0
90.0
140.0
32.0
462.0
733.0
550.0
343.0
-99.0
-501.0
-704.0
-509.0
-126.0
342.0
591.0
703.0
773.0
527.0
169.0
-218.0
-666.0
-703.0
-407.0
-156.0
330.0
1050.0
1035.0
520.0
333.0
-169.0
-718.0
-350.0
180.0
380.0
739.0
607.0
-104.0
-221.0
81.0
122.0
254.0
667.0
634.0
425.0
175.0
-196.0
-551.0
-621.0
-821.0
-698.0
26.0
449.0
593.0
1210.0
1236.0
588.0
-112.0
-675.0
-877.0
-611.0
-86.0
523.0
785.0
1016.0
1122.0
234.0
-357.0
-349.0
-610.0
-375.0
274.0
653.0
504.0
357.0
732.0
709.0
296.0
-222.0
-466.0
-322.0
-330.0
-419.0
-550.0
-140.0
184.0
-138.0
374.0
911.0
742.0
881.0
1016.0
872.0
589.0
40.0
-937.0
-1289.0
-660.0
-364.0
151.0
912.0
1238.0
1250.0
468.0
-278.0
-196.0
-440.0
-626.0
-265.0
21.0
542.0
955.0
623.0
-42.0
-396.0
-906.0
-1064.0
-272.0
255.0
444.0
846.0
782.0
438.0
252.0
44.0
141.0
684.0
871.0
720.0
454.0
78.0
-313.0
-820.0
-1196.0
-978.0
-345.0
229.0
650.0
1123.0
1316.0
817.0
282.0
-62.0
-441.0
-868.0
-899.0
-285.0
333.0
726.0
875.0
751.0
653.0
109.0
-742.0
-423.0
130.0
12.0
184.0
382.0
351.0
595.0
644.0
569.0
564.0
294.0
-112.0
-76.0
-18.0
-385.0
-491.0
-347.0
634.0
425.0
175.0
-196.0
-551.0
-621.0
-821.0
-698.0
26.0
449.0
593.0
1210.0
1236.0
588.0
-112.0
-675.0
-877.0
-611.0
-86.0
523.0
785.0
1016.0
1122.0
234.0
-357.0
-349.0
-610.0
-375.0
274.0
653.0
504.0
357.0
732.0
709.0
296.0
-222.0
-466.0
-322.0
-330.0
-419.0
-550.0
-140.0
184.0
-138.0
374.0
911.0
742.0
881.0
1016.0
872.0
589.0
40.0
-937.0
-1289.0
-660.0
-364.0
151.0
912.0
1238.0
1250.0
468.0
-278.0
-196.0
-440.0
-626.0
-265.0
21.0
542.0
955.0
623.0
-42.0
-396.0
-906.0
-1064.0
-272.0
255.0
444.0
846.0
782.0
438.0
252.0
44.0
141.0
684.0
871.0
720.0
454.0
78.0
-313.0
-820.0
-1196.0
-978.0
-345.0
229.0
650.0
1123.0
1316.0
817.0
282.0
-62.0
-441.0
-868.0
-899.0
-285.0
333.0
726.0
875.0
751.0
653.0
109.0
-742.0
-423.0
130.0
12.0
184.0
382.0
351.0
595.0
644.0
569.0
564.0
294.0
-112.0
-76.0
-18.0
-385.0
-491.0
-347.0
-373.0
84.0
318.0
10.0
175.0
659.0
683.0
499.0
300.0
-108.0
-749.0
-687.0
-347.0
-18.0
680.0
801.0
833.0
1076.0
398.0
-153.0
-87.0
-518.0
-384.0
205.0
78.0
692.0
1465.0
613.0
-203.0
-337.0
-938.0
-996.0
-383.0
-74.0
542.0
1086.0
649.0
282.0
466.0
237.0
-136.0
126.0
490.0
242.0
-45.0
-134.0
-309.0
-556.0
-354.0
-377.0
-386.0
161.0
718.0
956.0
1392.0
1478.0
759.0
-171.0
-648.0
-886.0
-1026.0
-780.0
-191.0
776.0
1523.0
1385.0
951.0
63.0
-531.0
-709.0
-698.0
-86.0
-66.0
-104.0
203.0
464.0
471.0
400.0
340.0
113.0
13.0
-279.0
-162.0
324.0
125.0
195.0
267.0
-92.0
-161.0
90.0
472.0
884.0
1003.0
564.0
437.0
46.0
-770.0
-923.0
-754.0
-276.0
235.0
438.0
628.0
669.0
780.0
683.0
260.0
-74.0
-558.0
-1044.0
-859.0
53.0
686.0
807.0
604.0
391.0
249.0
-295.0
-507.0
-246.0
22.0
335.0
843.0
627.0
193.0
284.0
-210.0
-406.0
-373.0
84.0
318.0
10.0
175.0
659.0
683.0
499.0
300.0
-108.0
-749.0
-687.0
-347.0
-18.0
680.0
801.0
833.0
1076.0
398.0
-153.0
-87.0
-518.0
-384.0
205.0
78.0
692.0
1465.0
613.0
-203.0
-337.0
-938.0
-996.0
-383.0
-74.0
542.0
1086.0
649.0
282.0
466.0
237.0
-136.0
126.0
490.0
242.0
-45.0
-134.0
-309.0
-556.0
-354.0
-377.0
-386.0
161.0
718.0
956.0
1392.0
1478.0
759.0
-171.0
-648.0
-886.0
-1026.0
-780.0
-191.0
776.0
1523.0
1385.0
951.0
63.0
-531.0
-709.0
-698.0
-86.0
-66.0
-104.0
203.0
464.0
471.0
400.0
340.0
113.0
13.0
-279.0
-162.0
324.0
125.0
195.0
267.0
-92.0
-161.0
90.0
472.0
884.0
1003.0
564.0
437.0
46.0
-770.0
-923.0
-754.0
-276.0
235.0
438.0
628.0
669.0
780.0
683.0
260.0
-74.0
-558.0
-1044.0
-859.0
53.0
686.0
807.0
604.0
391.0
249.0
-295.0
-507.0
-246.0
22.0
335.0
843.0
627.0
193.0
284.0
-210.0
-406.0
-88.0
75.0
710.0
1065.0
684.0
15.0
-321.0
-722.0
-609.0
-26.0
-80.0
173.0
739.0
611.0
564.0
326.0
-60.0
-339.0
-593.0
-758.0
-604.0
-34.0
763.0
1128.0
1321.0
1066.0
471.0
-1.0
-581.0
-792.0
-306.0
218.0
498.0
358.0
153.0
312.0
336.0
447.0
269.0
-210.0
-239.0
-129.0
-170.0
58.0
246.0
-3.0
-98.0
-165.0
-316.0
42.0
511.0
845.0
1066.0
797.0
287.0
-82.0
-352.0
-491.0
-326.0
-399.0
-10.0
481.0
687.0
1107.0
886.0
245.0
-203.0
-908.0
-985.0
-120.0
121.0
208.0
1026.0
1103.0
252.0
-24.0
-518.0
-731.0
-800.0
-386.0
190.0
573.0
878.0
466.0
361.0
606.0
111.0
-319.0
-77.0
339.0
658.0
672.0
314.0
-112.0
-151.0
-470.0
-746.0
-338.0
414.0
835.0
721.0
811.0
1078.0
626.0
-471.0
-925.0
-629.0
-994.0
-650.0
602.0
1023.0
953.0
922.0
403.0
-229.0
-652.0
-755.0
-159.0
441.0
728.0
736.0
332.0
448.0
598.0
66.0
-211.0
-58.0
-133.0
-88.0
75.0
710.0
1065.0
684.0
15.0
-321.0
-722.0
-609.0
-26.0
-80.0
173.0
739.0
611.0
564.0
326.0
-60.0
-339.0
-593.0
-758.0
-604.0
-34.0
763.0
1128.0
1321.0
1066.0
471.0
-1.0
-581.0
-792.0
-306.0
218.0
498.0
358.0
153.0
312.0
336.0
447.0
269.0
-210.0
-239.0
-129.0
-170.0
58.0
246.0
-3.0
-98.0
-165.0
-316.0
42.0
511.0
845.0
1066.0
797.0
287.0
-82.0
-352.0
-491.0
-326.0
-399.0
-10.0
481.0
687.0
1107.0
886.0
245.0
-203.0
-908.0
-985.0
-120.0
121.0
208.0
1026.0
1103.0
252.0
-24.0
-518.0
-731.0
-800.0
-386.0
190.0
573.0
878.0
466.0
361.0
606.0
111.0
-319.0
-77.0
339.0
658.0
672.0
314.0
-112.0
-151.0
-470.0
-746.0
-338.0
414.0
835.0
721.0
811.0
1078.0
626.0
-471.0
-925.0
-629.0
-994.0
-650.0
602.0
1023.0
953.0
922.0
403.0
-229.0
-652.0
-755.0
-159.0
441.0
728.0
736.0
332.0
448.0
598.0
66.0
-211.0
-58.0
-133.0
-84.0
111.0
287.0
-29.0
-284.0
21.0
-292.0
-1.0
487.0
228.0
605.0
993.0
631.0
282.0
-38.0
-826.0
-1308.0
-778.0
-439.0
-141.0
604.0
890.0
974.0
1043.0
825.0
580.0
270.0
-468.0
-568.0
29.0
401.0
884.0
1043.0
429.0
-120.0
-761.0
-1045.0
-814.0
-470.0
220.0
594.0
678.0
748.0
447.0
215.0
-134.0
-216.0
-24.0
393.0
394.0
253.0
528.0
58.0
-671.0
-607.0
-821.0
-758.0
420.0
1114.0
996.0
898.0
991.0
830.0
252.0
-419.0
-627.0
-816.0
-1048.0
-398.0
740.0
1257.0
1240.0
729.0
-142.0
-687.0
-578.0
-52.0
347.0
437.0
219.0
-108.0
280.0
777.0
446.0
177.0
156.0
-299.0
-800.0
-487.0
287.0
452.0
218.0
232.0
1.0
-248.0
-8.0
275.0
710.0
1155.0
956.0
147.0
7.0
-297.0
-854.0
-505.0
-453.0
-512.0
12.0
446.0
912.0
1579.0
1316.0
371.0
-188.0
-875.0
-917.0
-544.0
-252.0
611.0
995.0
405.0
-189.0
-132.0
-151.0
-173.0
208.0
180.0
322.0
-84.0
111.0
287.0
-29.0
-284.0
21.0
-292.0
-1.0
487.0
228.0
605.0
993.0
631.0
282.0
-38.0
-826.0
-1308.0
-778.0
-439.0
-141.0
604.0
890.0
974.0
1043.0
825.0
580.0
270.0
-468.0
-568.0
29.0
401.0
884.0
1043.0
429.0
-120.0
-761.0
-1045.0
-814.0
-470.0
220.0
594.0
678.0
748.0
447.0
215.0
-134.0
-216.0
-24.0
393.0
394.0
253.0
528.0
58.0
-671.0
-607.0
-821.0
-758.0
420.0
1114.0
996.0
898.0
991.0
830.0
252.0
-419.0
-627.0
-816.0
-1048.0
-398.0
740.0
1257.0
1240.0
729.0
-142.0
-687.0
-578.0
-52.0
347.0
437.0
219.0
-108.0
280.0
777.0
446.0
177.0
156.0
-299.0
-800.0
-487.0
287.0
452.0
218.0
232.0
1.0
-248.0
-8.0
275.0
710.0
1155.0
956.0
147.0
7.0
-297.0
-854.0
-505.0
-453.0
-512.0
12.0
446.0
912.0
1579.0
1316.0
371.0
-188.0
-875.0
-917.0
-544.0
-252.0
611.0
995.0
405.0
-189.0
-132.0
-151.0
-173.0
208.0
180.0
322.0
843.0
1117.0
687.0
262.0
231.0
-285.0
-636.0
-572.0
-295.0
575.0
1146.0
642.0
-338.0
-1015.0
-683.0
-324.0
-282.0
364.0
998.0
819.0
659.0
824.0
626.0
-108.0
-660.0
-1137.0
-1356.0
-775.0
160.0
1094.0
1501.0
1410.0
1205.0
273.0
-372.0
51.0
41.0
-344.0
-225.0
-208.0
-153.0
438.0
535.0
530.0
547.0
-64.0
-548.0
-283.0
245.0
153.0
143.0
16.0
-488.0
-359.0
134.0
126.0
190.0
769.0
838.0
573.0
365.0
-86.0
-286.0
-409.0
-498.0
126.0
351.0
-11.0
208.0
1037.0
824.0
216.0
212.0
-210.0
-445.0
-222.0
-207.0
165.0
1055.0
992.0
158.0
234.0
-48.0
-581.0
-587.0
-654.0
-81.0
921.0
808.0
201.0
177.0
336.0
-144.0
-629.0
-381.0
139.0
929.0
1339.0
594.0
22.0
-203.0
-1071.0
-726.0
338.0
191.0
253.0
429.0
550.0
980.0
646.0
-209.0
-502.0
-689.0
-1189.0
-666.0
571.0
1209.0
1213.0
890.0
432.0
452.0
250.0
-661.0
-886.0
-264.0
-314.0
-418.0
235.0
843.0
1117.0
687.0
262.0
231.0
-285.0
-636.0
-572.0
-295.0
575.0
1146.0
642.0
-338.0
-1015.0
-683.0
-324.0
-282.0
364.0
998.0
819.0
659.0
824.0
626.0
-108.0
-660.0
-1137.0
-1356.0
-775.0
160.0
1094.0
1501.0
1410.0
1205.0
273.0
-372.0
51.0
41.0
-344.0
-225.0
-208.0
-153.0
438.0
535.0
530.0
547.0
-64.0
-548.0
-283.0
245.0
153.0
143.0
16.0
-488.0
-359.0
134.0
126.0
190.0
769.0
838.0
573.0
365.0
-86.0
-286.0
-409.0
-498.0
126.0
351.0
-11.0
208.0
1037.0
824.0
216.0
212.0
-210.0
-445.0
-222.0
-207.0
165.0
1055.0
992.0
158.0
234.0
-48.0
-581.0
-587.0
-654.0
-81.0
921.0
808.0
201.0
177.0
336.0
-144.0
-629.0
-381.0
139.0
929.0
1339.0
594.0
22.0
-203.0
-1071.0
-726.0
338.0
191.0
253.0
429.0
550.0
980.0
646.0
-209.0
-502.0
-689.0
-1189.0
-666.0
571.0
1209.0
1213.0
890.0
432.0
452.0
250.0
-661.0
-886.0
-264.0
-314.0
-418.0
235.0
642.0
584.0
1004.0
1088.0
508.0
-94.0
-298.0
-30.0
228.0
351.0
110.0
-996.0
-900.0
-332.0
-586.0
344.0
1398.0
992.0
310.0
272.0
493.0
344.0
-148.0
-399.0
-561.0
-481.0
218.0
725.0
716.0
716.0
106.0
-549.0
-544.0
-557.0
-194.0
532.0
852.0
921.0
809.0
54.0
-138.0
-13.0
-496.0
-676.0
-372.0
-193.0
365.0
794.0
204.0
272.0
802.0
291.0
-306.0
193.0
787.0
541.0
313.0
-1.0
-473.0
-279.0
-87.0
-438.0
-633.0
-233.0
375.0
648.0
1025.0
1123.0
370.0
-81.0
-139.0
-260.0
-576.0
-684.0
-82.0
814.0
1158.0
1077.0
672.0
-80.0
-851.0
-744.0
-98.0
33.0
6.0
197.0
292.0
823.0
1207.0
705.0
361.0
-62.0
-658.0
-536.0
-288.0
-356.0
-304.0
34.0
-98.0
-521.0
-53.0
325.0
477.0
1199.0
1510.0
801.0
427.0
260.0
-272.0
-686.0
-703.0
-856.0
-472.0
439.0
511.0
947.0
1554.0
391.0
-287.0
52.0
-251.0
-393.0
-36.0
37.0
579.0
509.0
294.0
412.0
642.0
584.0
1004.0
1088.0
508.0
-94.0
-298.0
-30.0
228.0
351.0
110.0
-996.0
-900.0
-332.0
-586.0
344.0
1398.0
992.0
310.0
272.0
493.0
344.0
-148.0
-399.0
-561.0
-481.0
218.0
725.0
716.0
716.0
106.0
-549.0
-544.0
-557.0
-194.0
532.0
852.0
921.0
809.0
54.0
-138.0
-13.0
-496.0
-676.0
-372.0
-193.0
365.0
794.0
204.0
272.0
802.0
291.0
-306.0
193.0
787.0
541.0
313.0
-1.0
-473.0
-279.0
-87.0
-438.0
-633.0
-233.0
