Gv1b1164_111
1
RAW_AUDIO_STREAM
1600
-179.0
-216.0
-76.0
91.0
295.0
503.0
470.0
390.0
282.0
126.0
-2.0
127.0
285.0
310.0
355.0
235.0
103.0
-169.0
-459.0
-419.0
-258.0
29.0
267.0
371.0
453.0
338.0
123.0
-22.0
76.0
174.0
253.0
421.0
459.0
330.0
128.0
-137.0
-292.0
-251.0
-131.0
-1.0
163.0
480.0
716.0
680.0
548.0
176.0
-195.0
-470.0
-520.0
-131.0
330.0
552.0
602.0
487.0
-1.0
-345.0
-392.0
-325.0
16.0
326.0
421.0
533.0
475.0
400.0
331.0
188.0
1.0
-122.0
-149.0
-79.0
93.0
158.0
156.0
139.0
-25.0
-48.0
183.0
405.0
464.0
477.0
356.0
42.0
-196.0
-394.0
-363.0
-171.0
90.0
372.0
436.0
429.0
408.0
323.0
227.0
107.0
-31.0
-41.0
89.0
359.0
430.0
302.0
117.0
-224.0
-430.0
-392.0
-230.0
84.0
430.0
633.0
686.0
562.0
306.0
34.0
-120.0
-89.0
134.0
308.0
362.0
171.0
-52.0
-287.0
-343.0
-266.0
-218.0
31.0
300.0
632.0
733.0
615.0
410.0
2.0
-419.0
-496.0
-266.0
122.0
495.0
633.0
659.0
370.0
-64.0
-240.0
-220.0
-44.0
88.0
206.0
451.0
471.0
333.0
302.0
179.0
33.0
-120.0
-142.0
-148.0
-83.0
98.0
138.0
150.0
74.0
32.0
124.0
296.0
464.0
463.0
342.0
119.0
-40.0
-232.0
-380.0
-222.0
-13.0
327.0
680.0
831.0
741.0
368.0
26.0
-248.0
-534.0
-407.0
-75.0
208.0
467.0
591.0
372.0
-6.0
-338.0
-500.0
-334.0
-29.0
326.0
566.0
666.0
596.0
401.0
177.0
79.0
104.0
185.0
230.0
274.0
127.0
-85.0
-218.0
-286.0
-165.0
21.0
173.0
239.0
398.0
544.0
494.0
224.0
-84.0
-355.0
-445.0
-246.0
98.0
357.0
547.0
547.0
287.0
31.0
-87.0
-149.0
-61.0
93.0
219.0
418.0
498.0
433.0
385.0
247.0
-14.0
-172.0
-114.0
9.0
138.0
287.0
134.0
-136.0
-220.0
-126.0
-34.0
214.0
435.0
525.0
425.0
192.0
-85.0
-193.0
-297.0
-94.0
47.0
332.0
623.0
620.0
410.0
2.0
-419.0
-496.0
-266.0
122.0
495.0
633.0
659.0
370.0
-64.0
-240.0
-220.0
-44.0
88.0
206.0
451.0
471.0
333.0
302.0
179.0
33.0
-120.0
-142.0
-148.0
-83.0
98.0
138.0
150.0
74.0
32.0
124.0
296.0
464.0
463.0
342.0
119.0
-40.0
-232.0
-380.0
-222.0
-13.0
327.0
680.0
831.0
741.0
368.0
26.0
-248.0
-534.0
-407.0
-75.0
208.0
467.0
591.0
372.0
-6.0
-338.0
-500.0
-334.0
-29.0
326.0
566.0
666.0
596.0
401.0
177.0
79.0
104.0
185.0
230.0
274.0
127.0
-85.0
-218.0
-286.0
-165.0
21.0
173.0
239.0
398.0
544.0
494.0
224.0
-84.0
-355.0
-445.0
-246.0
98.0
357.0
547.0
547.0
287.0
31.0
-87.0
-149.0
-61.0
93.0
219.0
418.0
498.0
433.0
385.0
247.0
-14.0
-172.0
-114.0
9.0
138.0
287.0
134.0
-136.0
-220.0
-126.0
-34.0
214.0
435.0
525.0
425.0
192.0
-85.0
-193.0
-297.0
-94.0
47.0
332.0
623.0
620.0
463.0
294.0
15.0
-209.0
-226.0
-126.0
-2.0
173.0
433.0
388.0
315.0
94.0
-118.0
-296.0
-370.0
-93.0
210.0
331.0
495.0
378.0
320.0
207.0
19.0
116.0
170.0
220.0
225.0
-39.0
-1.0
-97.0
-105.0
-57.0
96.0
355.0
458.0
457.0
537.0
329.0
-139.0
-454.0
-478.0
-227.0
268.0
628.0
753.0
633.0
399.0
34.0
-217.0
-193.0
-225.0
-127.0
27.0
179.0
297.0
229.0
126.0
187.0
194.0
108.0
140.0
181.0
191.0
212.0
86.0
14.0
-4.0
-44.0
-103.0
87.0
326.0
388.0
364.0
192.0
68.0
-33.0
-217.0
-157.0
53.0
333.0
535.0
619.0
397.0
102.0
-33.0
-181.0
-237.0
-156.0
62.0
198.0
362.0
573.0
467.0
166.0
32.0
-41.0
-179.0
-33.0
206.0
266.0
275.0
164.0
58.0
3.0
-57.0
86.0
300.0
471.0
309.0
-1.0
-56.0
-86.0
-130.0
-25.0
165.0
319.0
374.0
447.0
439.0
217.0
-84.0
-420.0
-468.0
-287.0
84.0
557.0
917.0
915.0
463.0
294.0
15.0
-209.0
-226.0
-126.0
-2.0
173.0
433.0
388.0
315.0
94.0
-118.0
-296.0
-370.0
-93.0
210.0
331.0
495.0
378.0
320.0
207.0
19.0
116.0
170.0
220.0
225.0
-39.0
-1.0
-97.0
-105.0
-57.0
96.0
355.0
458.0
457.0
537.0
329.0
-139.0
-454.0
-478.0
-227.0
268.0
628.0
753.0
633.0
399.0
34.0
-217.0
-193.0
-225.0
-127.0
27.0
179.0
297.0
229.0
126.0
187.0
194.0
108.0
140.0
181.0
191.0
212.0
86.0
14.0
-4.0
-44.0
-103.0
87.0
326.0
388.0
364.0
192.0
68.0
-33.0
-217.0
-157.0
53.0
333.0
535.0
619.0
397.0
102.0
-33.0
-181.0
-237.0
-156.0
62.0
198.0
362.0
573.0
467.0
166.0
32.0
-41.0
-179.0
-33.0
206.0
266.0
275.0
164.0
58.0
3.0
-57.0
86.0
300.0
471.0
309.0
-1.0
-56.0
-86.0
-130.0
-25.0
165.0
319.0
374.0
447.0
439.0
217.0
-84.0
-420.0
-468.0
-287.0
84.0
557.0
917.0
915.0
536.0
94.0
-276.0
-392.0
-367.0
-195.0
99.0
443.0
563.0
413.0
289.0
178.0
-20.0
-76.0
126.0
204.0
180.0
223.0
3.0
-184.0
-222.0
-217.0
-21.0
253.0
498.0
608.0
463.0
170.0
-39.0
-198.0
-290.0
-201.0
-16.0
264.0
513.0
618.0
483.0
228.0
-28.0
-159.0
-133.0
-48.0
195.0
412.0
455.0
440.0
283.0
-48.0
-258.0
-266.0
-131.0
114.0
246.0
263.0
226.0
182.0
110.0
173.0
237.0
294.0
366.0
396.0
213.0
-97.0
-253.0
-281.0
-207.0
-91.0
85.0
320.0
556.0
650.0
581.0
406.0
-9.0
-333.0
-389.0
-179.0
132.0
357.0
523.0
471.0
231.0
-72.0
-338.0
-401.0
-243.0
-9.0
338.0
633.0
722.0
584.0
404.0
159.0
-106.0
-260.0
-92.0
19.0
22.0
76.0
15.0
-2.0
140.0
179.0
249.0
404.0
423.0
380.0
267.0
145.0
-56.0
-293.0
-303.0
-241.0
8.0
249.0
448.0
511.0
400.0
264.0
64.0
-50.0
-3.0
124.0
236.0
204.0
289.0
178.0
536.0
94.0
-276.0
-392.0
-367.0
-195.0
99.0
443.0
563.0
413.0
289.0
178.0
-20.0
-76.0
126.0
204.0
180.0
223.0
3.0
-184.0
-222.0
-217.0
-21.0
253.0
498.0
608.0
463.0
170.0
-39.0
-198.0
-290.0
-201.0
-16.0
264.0
513.0
618.0
483.0
228.0
-28.0
-159.0
-133.0
-48.0
195.0
412.0
455.0
440.0
283.0
-48.0
-258.0
-266.0
-131.0
114.0
246.0
263.0
226.0
182.0
110.0
173.0
237.0
294.0
366.0
396.0
213.0
-97.0
-253.0
-281.0
-207.0
-91.0
85.0
320.0
556.0
650.0
581.0
406.0
-9.0
-333.0
-389.0
-179.0
132.0
357.0
523.0
471.0
231.0
-72.0
-338.0
-401.0
-243.0
-9.0
338.0
633.0
722.0
584.0
404.0
159.0
-106.0
-260.0
-92.0
19.0
22.0
76.0
15.0
-2.0
140.0
179.0
249.0
404.0
423.0
380.0
267.0
145.0
-56.0
-293.0
-303.0
-241.0
8.0
249.0
448.0
511.0
400.0
264.0
64.0
-50.0
-3.0
124.0
236.0
204.0
289.0
178.0
-24.0
-208.0
-273.0
-148.0
-61.0
277.0
674.0
699.0
533.0
316.0
108.0
44.0
43.0
66.0
150.0
161.0
-80.0
-269.0
-298.0
-212.0
-102.0
140.0
264.0
421.0
654.0
720.0
650.0
323.0
-182.0
-535.0
-538.0
-338.0
-6.0
417.0
694.0
668.0
438.0
179.0
-100.0
-280.0
-186.0
47.0
320.0
523.0
525.0
416.0
223.0
26.0
-201.0
-250.0
-229.0
-285.0
-141.0
117.0
231.0
212.0
146.0
288.0
441.0
532.0
542.0
384.0
65.0
-225.0
-289.0
-312.0
-244.0
10.0
307.0
547.0
575.0
490.0
343.0
53.0
8.0
-2.0
43.0
119.0
158.0
251.0
175.0
50.0
-180.0
-316.0
-276.0
-142.0
161.0
368.0
524.0
615.0
382.0
181.0
56.0
-43.0
-32.0
148.0
216.0
235.0
242.0
127.0
39.0
-99.0
-195.0
-159.0
27.0
352.0
638.0
652.0
433.0
80.0
-325.0
-510.0
-372.0
-52.0
301.0
561.0
517.0
305.0
204.0
149.0
-44.0
-31.0
-16.0
4.0
284.0
486.0
458.0
351.0
-24.0
-208.0
-273.0
-148.0
-61.0
277.0
674.0
699.0
533.0
316.0
108.0
44.0
43.0
66.0
150.0
161.0
-80.0
-269.0
-298.0
-212.0
-102.0
140.0
264.0
421.0
654.0
720.0
650.0
323.0
-182.0
-535.0
-538.0
-338.0
-6.0
417.0
694.0
668.0
438.0
179.0
-100.0
-280.0
-186.0
47.0
320.0
523.0
525.0
416.0
223.0
26.0
-201.0
-250.0
-229.0
-285.0
-141.0
117.0
231.0
212.0
146.0
288.0
441.0
532.0
542.0
384.0
65.0
-225.0
-289.0
-312.0
-244.0
10.0
307.0
547.0
575.0
490.0
343.0
53.0
8.0
-2.0
43.0
119.0
158.0
251.0
175.0
50.0
-180.0
-316.0
-276.0
-142.0
161.0
368.0
524.0
615.0
382.0
181.0
56.0
-43.0
-32.0
148.0
216.0
235.0
242.0
127.0
39.0
-99.0
-195.0
-159.0
27.0
352.0
638.0
652.0
433.0
80.0
-325.0
-510.0
-372.0
-52.0
301.0
561.0
517.0
305.0
204.0
149.0
-44.0
-31.0
-16.0
4.0
284.0
486.0
458.0
351.0
243.0
42.0
-92.0
-180.0
-152.0
105.0
146.0
75.0
48.0
61.0
21.0
63.0
274.0
354.0
354.0
236.0
57.0
-115.0
-260.0
-286.0
-81.0
225.0
491.0
673.0
691.0
463.0
199.0
31.0
-227.0
-362.0
-281.0
-20.0
300.0
588.0
660.0
333.0
-100.0
-362.0
-354.0
-244.0
112.0
419.0
402.0
412.0
335.0
102.0
-57.0
-26.0
84.0
120.0
325.0
286.0
64.0
38.0
-8.0
-16.0
-8.0
41.0
154.0
374.0
418.0
236.0
81.0
-77.0
-124.0
-92.0
-9.0
173.0
393.0
377.0
322.0
432.0
250.0
29.0
-44.0
-205.0
-61.0
-52.0
175.0
313.0
202.0
329.0
135.0
-7.0
149.0
212.0
265.0
185.0
24.0
-22.0
-84.0
-109.0
-161.0
0.0
262.0
524.0
628.0
467.0
187.0
-144.0
-298.0
-406.0
-154.0
225.0
425.0
613.0
708.0
573.0
182.0
-175.0
-391.0
-498.0
-302.0
93.0
476.0
683.0
598.0
311.0
-34.0
-232.0
-320.0
-239.0
-31.0
192.0
356.0
369.0
373.0
309.0
243.0
42.0
-92.0
-180.0
-152.0
105.0
146.0
75.0
48.0
61.0
21.0
63.0
274.0
354.0
354.0
236.0
57.0
-115.0
-260.0
-286.0
-81.0
225.0
491.0
673.0
691.0
463.0
199.0
31.0
-227.0
-362.0
-281.0
-20.0
300.0
588.0
660.0
333.0
-100.0
-362.0
-354.0
-244.0
112.0
419.0
402.0
412.0
335.0
102.0
-57.0
-26.0
84.0
120.0
325.0
286.0
64.0
38.0
-8.0
-16.0
-8.0
41.0
154.0
374.0
418.0
236.0
81.0
-77.0
-124.0
-92.0
-9.0
173.0
393.0
377.0
322.0
432.0
250.0
29.0
-44.0
-205.0
-61.0
-52.0
175.0
313.0
202.0
329.0
135.0
-7.0
149.0
212.0
265.0
185.0
24.0
-22.0
-84.0
-109.0
-161.0
0.0
262.0
524.0
628.0
467.0
187.0
-144.0
-298.0
-406.0
-154.0
225.0
425.0
613.0
708.0
573.0
182.0
-175.0
-391.0
-498.0
-302.0
93.0
476.0
683.0
598.0
311.0
-34.0
-232.0
-320.0
-239.0
-31.0
192.0
356.0
369.0
373.0
309.0
324.0
376.0
340.0
378.0
284.0
-37.0
-213.0
-321.0
-399.0
-308.0
-84.0
155.0
403.0
666.0
706.0
527.0
154.0
-318.0
-457.0
-424.0
-137.0
342.0
563.0
577.0
502.0
278.0
-52.0
-155.0
-164.0
-73.0
110.0
322.0
495.0
500.0
359.0
200.0
-52.0
-100.0
-50.0
-10.0
100.0
127.0
102.0
-5.0
-113.0
-133.0
-54.0
233.0
546.0
644.0
572.0
469.0
229.0
-95.0
-395.0
-512.0
-401.0
-93.0
253.0
583.0
666.0
566.0
333.0
55.0
-133.0
-192.0
-94.0
127.0
361.0
506.0
521.0
218.0
-112.0
-247.0
-301.0
-281.0
-11.0
286.0
315.0
342.0
386.0
376.0
270.0
217.0
290.0
308.0
262.0
57.0
-50.0
-138.0
-376.0
-366.0
-194.0
-13.0
368.0
699.0
714.0
639.0
304.0
-165.0
-368.0
-357.0
-140.0
150.0
395.0
533.0
447.0
242.0
31.0
-68.0
-88.0
-93.0
17.0
122.0
263.0
561.0
716.0
464.0
125.0
-90.0
-338.0
-381.0
-259.0
-108.0
92.0
192.0
254.0
254.0
324.0
376.0
340.0
378.0
284.0
-37.0
-213.0
-321.0
-399.0
-308.0
-84.0
155.0
403.0
666.0
706.0
527.0
154.0
-318.0
-457.0
-424.0
-137.0
342.0
563.0
577.0
502.0
278.0
-52.0
-155.0
-164.0
-73.0
110.0
322.0
495.0
500.0
359.0
200.0
-52.0
-100.0
-50.0
-10.0
100.0
127.0
102.0
-5.0
-113.0
-133.0
-54.0
233.0
546.0
644.0
572.0
469.0
229.0
-95.0
-395.0
-512.0
-401.0
-93.0
253.0
583.0
666.0
566.0
333.0
55.0
