Gv1b1164_134
1
RAW_AUDIO_STREAM
1600
-1554.0
-1184.0
279.0
1225.0
776.0
734.0
1563.0
2267.0
1252.0
-1015.0
-2184.0
-2241.0
-1773.0
28.0
1316.0
1475.0
1613.0
1301.0
622.0
-170.0
-911.0
-1528.0
-902.0
131.0
772.0
720.0
684.0
1362.0
1403.0
-349.0
-705.0
544.0
-53.0
-1452.0
-934.0
730.0
844.0
450.0
559.0
-476.0
-1275.0
-817.0
166.0
1383.0
2129.0
948.0
-162.0
552.0
-160.0
-1395.0
-1172.0
-1506.0
-528.0
935.0
1711.0
2356.0
1975.0
75.0
-732.0
-1564.0
-2062.0
-4.0
1301.0
472.0
1426.0
1900.0
597.0
-128.0
-1061.0
-1909.0
-2172.0
-1257.0
697.0
1497.0
1635.0
1191.0
-1.0
430.0
905.0
80.0
-207.0
-111.0
-268.0
740.0
986.0
392.0
-916.0
-1325.0
-1123.0
-718.0
267.0
859.0
886.0
886.0
1969.0
1976.0
-66.0
-1663.0
-1808.0
-1680.0
-919.0
1334.0
2207.0
1611.0
494.0
-752.0
-908.0
-169.0
-192.0
-706.0
-539.0
202.0
1360.0
2288.0
1497.0
347.0
-450.0
-1084.0
-603.0
-347.0
-439.0
7.0
850.0
1250.0
320.0
-192.0
-568.0
-1018.0
-1037.0
-14.0
895.0
1693.0
1995.0
1046.0
167.0
-1079.0
-2107.0
-1809.0
-698.0
257.0
902.0
1532.0
1316.0
1416.0
875.0
-598.0
-180.0
-503.0
-1322.0
-401.0
610.0
1412.0
2182.0
1445.0
233.0
-860.0
-2013.0
-2170.0
-1676.0
220.0
1428.0
1135.0
936.0
406.0
512.0
961.0
345.0
-603.0
-541.0
-31.0
926.0
1003.0
489.0
-894.0
-1893.0
-1006.0
-317.0
56.0
1216.0
1530.0
979.0
1420.0
1917.0
580.0
-881.0
-1544.0
-2436.0
-2376.0
8.0
2519.0
2513.0
1296.0
-318.0
-1732.0
-731.0
328.0
93.0
151.0
704.0
516.0
385.0
828.0
468.0
183.0
-446.0
-248.0
-149.0
-225.0
151.0
711.0
230.0
-345.0
421.0
569.0
-522.0
-1372.0
-884.0
456.0
2079.0
2800.0
878.0
-416.0
-1304.0
-2003.0
-982.0
357.0
-535.0
-726.0
574.0
1628.0
2387.0
1920.0
147.0
-980.0
-1316.0
-869.0
-259.0
208.0
867.0
1552.0
1277.0
788.0
-679.0
-2153.0
-2307.0
-1192.0
1188.0
2161.0
1833.0
1428.0
83.0
-254.0
-190.0
-700.0
-879.0
-198.0
-1037.0
-14.0
895.0
1693.0
1995.0
1046.0
167.0
-1079.0
-2107.0
-1809.0
-698.0
257.0
902.0
1532.0
1316.0
1416.0
875.0
-598.0
-180.0
-503.0
-1322.0
-401.0
610.0
1412.0
2182.0
1445.0
233.0
-860.0
-2013.0
-2170.0
-1676.0
220.0
1428.0
1135.0
936.0
406.0
512.0
961.0
345.0
-603.0
-541.0
-31.0
926.0
1003.0
489.0
-894.0
-1893.0
-1006.0
-317.0
56.0
1216.0
1530.0
979.0
1420.0
1917.0
580.0
-881.0
-1544.0
-2436.0
-2376.0
8.0
2519.0
2513.0
1296.0
-318.0
-1732.0
-731.0
328.0
93.0
151.0
704.0
516.0
385.0
828.0
468.0
183.0
-446.0
-248.0
-149.0
-225.0
151.0
711.0
230.0
-345.0
421.0
569.0
-522.0
-1372.0
-884.0
456.0
2079.0
2800.0
878.0
-416.0
-1304.0
-2003.0
-982.0
357.0
-535.0
-726.0
574.0
1628.0
2387.0
1920.0
147.0
-980.0
-1316.0
-869.0
-259.0
208.0
867.0
1552.0
1277.0
788.0
-679.0
-2153.0
-2307.0
-1192.0
1188.0
2161.0
1833.0
1428.0
83.0
-254.0
-190.0
-700.0
-879.0
-198.0
163.0
1333.0
1442.0
-451.0
-1355.0
-1065.0
-748.0
-164.0
267.0
638.0
1613.0
1506.0
1152.0
1229.0
49.0
-1786.0
-2333.0
-1684.0
-673.0
1134.0
1986.0
1568.0
858.0
1091.0
391.0
-417.0
-1007.0
-1387.0
-269.0
-156.0
618.0
900.0
1020.0
1709.0
271.0
-1016.0
-1388.0
-1297.0
-453.0
879.0
1023.0
621.0
442.0
97.0
-355.0
-1164.0
-739.0
477.0
1570.0
2575.0
1034.0
-40.0
-748.0
-973.0
-1412.0
-551.0
444.0
325.0
760.0
1625.0
2213.0
1672.0
-317.0
-1997.0
-2071.0
-1606.0
-580.0
1294.0
1596.0
1693.0
1443.0
544.0
43.0
-1553.0
-2430.0
-1389.0
430.0
1800.0
1764.0
1013.0
24.0
-335.0
-338.0
-501.0
-1.0
476.0
-21.0
526.0
1798.0
1319.0
-664.0
-1252.0
-1590.0
-1918.0
-470.0
986.0
976.0
1690.0
2641.0
1914.0
531.0
-1065.0
-2679.0
-3055.0
-1405.0
662.0
1922.0
2359.0
1233.0
472.0
-12.0
-564.0
-889.0
-657.0
-453.0
-273.0
271.0
1078.0
1879.0
1783.0
91.0
-1215.0
-747.0
-34.0
-146.0
1102.0
1269.0
-855.0
163.0
1333.0
1442.0
-451.0
-1355.0
-1065.0
-748.0
-164.0
267.0
638.0
1613.0
1506.0
1152.0
1229.0
49.0
-1786.0
-2333.0
-1684.0
-673.0
1134.0
1986.0
1568.0
858.0
1091.0
391.0
-417.0
-1007.0
-1387.0
-269.0
-156.0
618.0
900.0
1020.0
1709.0
271.0
-1016.0
-1388.0
-1297.0
-453.0
879.0
1023.0
621.0
442.0
97.0
-355.0
-1164.0
-739.0
477.0
1570.0
2575.0
1034.0
-40.0
-748.0
-973.0
-1412.0
-551.0
444.0
325.0
760.0
1625.0
2213.0
1672.0
-317.0
-1997.0
-2071.0
-1606.0
-580.0
1294.0
1596.0
1693.0
1443.0
544.0
43.0
-1553.0
-2430.0
-1389.0
430.0
1800.0
1764.0
1013.0
24.0
-335.0
-338.0
-501.0
-1.0
476.0
-21.0
526.0
1798.0
1319.0
-664.0
-1252.0
-1590.0
-1918.0
-470.0
986.0
976.0
1690.0
2641.0
1914.0
531.0
-1065.0
-2679.0
-3055.0
-1405.0
662.0
1922.0
2359.0
1233.0
472.0
-12.0
-564.0
-889.0
-657.0
-453.0
-273.0
271.0
1078.0
1879.0
1783.0
91.0
-1215.0
-747.0
-34.0
-146.0
1102.0
1269.0
-855.0
-536.0
223.0
-1230.0
-836.0
188.0
474.0
1578.0
2096.0
610.0
-403.0
-412.0
-1005.0
-1568.0
-434.0
-109.0
-309.0
1005.0
1770.0
1865.0
1499.0
-178.0
-1434.0
-1384.0
-1099.0
-565.0
95.0
1679.0
2601.0
1819.0
1018.0
336.0
-1542.0
-2242.0
-1755.0
-735.0
675.0
1471.0
1624.0
655.0
-104.0
-149.0
-453.0
-577.0
-316.0
78.0
1482.0
1628.0
611.0
-292.0
-1619.0
-1585.0
-947.0
-60.0
776.0
1288.0
2152.0
1952.0
1325.0
159.0
-1689.0
-1868.0
-1774.0
-1875.0
127.0
2047.0
2273.0
2151.0
740.0
-1739.0
-1111.0
117.0
-134.0
70.0
135.0
-88.0
854.0
1884.0
1195.0
78.0
-1176.0
-852.0
49.0
-1062.0
-598.0
1271.0
1335.0
502.0
-157.0
-616.0
-1262.0
-1096.0
-200.0
847.0
2076.0
2632.0
1054.0
291.0
-546.0
-2204.0
-1593.0
-1030.0
-1085.0
144.0
1196.0
2757.0
3104.0
766.0
-1269.0
-1504.0
-1337.0
-415.0
524.0
919.0
1942.0
2116.0
543.0
-818.0
-1792.0
-1902.0
-1750.0
-800.0
808.0
1650.0
1569.0
433.0
-147.0
-304.0
172.0
-536.0
223.0
-1230.0
-836.0
188.0
474.0
1578.0
2096.0
610.0
-403.0
-412.0
-1005.0
-1568.0
-434.0
-109.0
-309.0
1005.0
1770.0
1865.0
1499.0
-178.0
-1434.0
-1384.0
-1099.0
-565.0
95.0
1679.0
2601.0
1819.0
1018.0
336.0
-1542.0
-2242.0
-1755.0
-735.0
675.0
1471.0
1624.0
655.0
-104.0
-149.0
-453.0
-577.0
-316.0
78.0
1482.0
1628.0
611.0
-292.0
-1619.0
-1585.0
-947.0
-60.0
776.0
1288.0
2152.0
1952.0
1325.0
159.0
-1689.0
-1868.0
-1774.0
-1875.0
127.0
2047.0
2273.0
2151.0
740.0
-1739.0
-1111.0
117.0
-134.0
70.0
135.0
-88.0
854.0
1884.0
1195.0
78.0
-1176.0
-852.0
49.0
-1062.0
-598.0
1271.0
1335.0
502.0
-157.0
-616.0
-1262.0
-1096.0
-200.0
847.0
2076.0
2632.0
1054.0
291.0
-546.0
-2204.0
-1593.0
-1030.0
-1085.0
144.0
1196.0
2757.0
3104.0
766.0
-1269.0
-1504.0
-1337.0
-415.0
524.0
919.0
1942.0
2116.0
543.0
-818.0
-1792.0
-1902.0
-1750.0
-800.0
808.0
1650.0
1569.0
433.0
-147.0
-304.0
172.0
891.0
859.0
912.0
277.0
356.0
1151.0
-495.0
-2247.0
-1661.0
-898.0
350.0
1309.0
529.0
735.0
1817.0
1528.0
276.0
-688.0
-1113.0
-1377.0
-1370.0
-562.0
1085.0
2030.0
1495.0
187.0
-306.0
-124.0
-547.0
-801.0
-575.0
-97.0
990.0
1455.0
1896.0
1780.0
-362.0
-1620.0
-926.0
88.0
50.0
-339.0
72.0
673.0
-14.0
61.0
-319.0
-1451.0
-699.0
422.0
1061.0
2771.0
2552.0
-210.0
-1013.0
-878.0
-1557.0
-1615.0
-555.0
-234.0
1295.0
2132.0
1380.0
1270.0
685.0
-313.0
-805.0
-433.0
-794.0
-962.0
82.0
1713.0
2171.0
478.0
-821.0
-912.0
-861.0
-1402.0
-642.0
866.0
1575.0
1708.0
437.0
-757.0
-626.0
228.0
261.0
-20.0
69.0
1062.0
904.0
-67.0
204.0
-751.0
-2095.0
-674.0
276.0
-162.0
1412.0
2547.0
1735.0
1364.0
864.0
-1116.0
-2329.0
-2627.0
-1940.0
-322.0
2236.0
3086.0
1774.0
-303.0
-1448.0
-362.0
98.0
-297.0
-347.0
-278.0
1254.0
2198.0
1046.0
120.0
-173.0
-713.0
-718.0
-370.0
-298.0
-647.0
891.0
859.0
912.0
277.0
356.0
1151.0
-495.0
-2247.0
-1661.0
-898.0
350.0
1309.0
529.0
735.0
1817.0
1528.0
276.0
-688.0
-1113.0
-1377.0
-1370.0
-562.0
1085.0
2030.0
1495.0
187.0
-306.0
-124.0
-547.0
-801.0
-575.0
-97.0
990.0
1455.0
1896.0
1780.0
-362.0
-1620.0
-926.0
88.0
50.0
-339.0
72.0
673.0
-14.0
61.0
-319.0
-1451.0
-699.0
422.0
1061.0
2771.0
2552.0
-210.0
-1013.0
-878.0
-1557.0
-1615.0
-555.0
-234.0
1295.0
2132.0
1380.0
1270.0
685.0
-313.0
-805.0
-433.0
-794.0
-962.0
82.0
1713.0
2171.0
478.0
-821.0
-912.0
-861.0
-1402.0
-642.0
866.0
1575.0
1708.0
437.0
-757.0
-626.0
228.0
261.0
-20.0
69.0
1062.0
904.0
-67.0
204.0
-751.0
-2095.0
-674.0
276.0
-162.0
1412.0
2547.0
1735.0
1364.0
864.0
-1116.0
-2329.0
-2627.0
-1940.0
-322.0
2236.0
3086.0
1774.0
-303.0
-1448.0
-362.0
98.0
-297.0
-347.0
-278.0
1254.0
2198.0
1046.0
120.0
-173.0
-713.0
-718.0
-370.0
-298.0
-647.0
-29.0
1123.0
1254.0
412.0
-350.0
-1103.0
-1015.0
265.0
953.0
1392.0
2161.0
687.0
-948.0
-458.0
-1037.0
-1752.0
-697.0
-486.0
23.0
1245.0
1498.0
1655.0
1972.0
332.0
-1283.0
-1627.0
-1287.0
-198.0
1723.0
2177.0
1424.0
790.0
45.0
-1140.0
-1820.0
-1740.0
-1513.0
-301.0
1825.0
2695.0
2035.0
615.0
-615.0
-1338.0
-1260.0
-642.0
-387.0
607.0
2283.0
1982.0
964.0
-1441.0
-2912.0
-1181.0
-193.0
83.0
1488.0
1684.0
1141.0
1605.0
1493.0
-217.0
-1477.0
-1780.0
-1710.0
-1222.0
215.0
2160.0
1665.0
867.0
604.0
-293.0
-642.0
-259.0
-256.0
-393.0
500.0
663.0
207.0
1430.0
1644.0
-489.0
-1217.0
-302.0
-289.0
-610.0
299.0
653.0
216.0
231.0
903.0
204.0
-1103.0
-841.0
-741.0
750.0
2366.0
2002.0
54.0
-331.0
-535.0
-1842.0
-606.0
-1.0
652.0
1060.0
1475.0
1675.0
1746.0
206.0
-1640.0
-1635.0
-1457.0
-526.0
905.0
1128.0
1028.0
1616.0
1007.0
-606.0
-1187.0
-1157.0
-1612.0
-648.0
1648.0
1928.0
1212.0
854.0
-29.0
1123.0
1254.0
412.0
-350.0
-1103.0
-1015.0
265.0
953.0
1392.0
2161.0
687.0
-948.0
-458.0
-1037.0
-1752.0
-697.0
-486.0
23.0
1245.0
1498.0
1655.0
1972.0
332.0
-1283.0
-1627.0
-1287.0
-198.0
1723.0
2177.0
1424.0
790.0
45.0
-1140.0
-1820.0
-1740.0
-1513.0
-301.0
1825.0
2695.0
2035.0
615.0
-615.0
-1338.0
-1260.0
-642.0
-387.0
607.0
2283.0
1982.0
964.0
-1441.0
-2912.0
-1181.0
-193.0
83.0
1488.0
1684.0
1141.0
1605.0
1493.0
-217.0
-1477.0
-1780.0
-1710.0
-1222.0
215.0
2160.0
1665.0
867.0
604.0
-293.0
-642.0
-259.0
-256.0
-393.0
500.0
663.0
207.0
1430.0
1644.0
-489.0
-1217.0
-302.0
-289.0
-610.0
299.0
653.0
216.0
231.0
903.0
204.0
-1103.0
-841.0
-741.0
750.0
2366.0
2002.0
54.0
-331.0
-535.0
-1842.0
-606.0
-1.0
652.0
1060.0
1475.0
1675.0
1746.0
206.0
-1640.0
-1635.0
-1457.0
-526.0
905.0
1128.0
1028.0
1616.0
1007.0
-606.0
-1187.0
-1157.0
-1612.0
-648.0
1648.0
1928.0
1212.0
854.0
-412.0
-571.0
302.0
-161.0
-467.0
-241.0
-10.0
817.0
1919.0
1002.0
-1498.0
-2458.0
-1496.0
-107.0
1083.0
1718.0
1460.0
1210.0
1704.0
1149.0
-1450.0
-2798.0
-2675.0
-1595.0
976.0
2727.0
2234.0
1058.0
744.0
-36.0
-1361.0
-1358.0
359.0
482.0
-390.0
-5.0
972.0
1136.0
614.0
284.0
-1267.0
-760.0
976.0
560.0
-66.0
1220.0
805.0
-1367.0
-945.0
-526.0
-1294.0
-410.0
711.0
1291.0
2354.0
2099.0
340.0
-586.0
-966.0
-1190.0
-1299.0
-677.0
-34.0
292.0
538.0
1721.0
2031.0
1352.0
-404.0
-1317.0
-909.0
-464.0
-105.0
450.0
1341.0
1989.0
1259.0
-579.0
-1822.0
-1619.0
-628.0
-150.0
157.0
876.0
1550.0
1094.0
-227.0
-874.0
-477.0
177.0
600.0
284.0
280.0
1045.0
1497.0
815.0
-832.0
-2424.0
-2678.0
-52.0
2182.0
1127.0
709.0
905.0
-9.0
1107.0
877.0
-1415.0
-1346.0
-1167.0
-697.0
1116.0
1907.0
1786.0
728.0
-267.0
-101.0
-672.0
-1197.0
-862.0
-710.0
-135.0
724.0
1701.0
2500.0
1005.0
-258.0
-337.0
-412.0
-571.0
302.0
-161.0
-467.0
-241.0
-10.0
817.0
1919.0
1002.0
-1498.0
-2458.0
-1496.0
-107.0
1083.0
1718.0
1460.0
1210.0
1704.0
1149.0
-1450.0
-2798.0
-2675.0
-1595.0
976.0
2727.0
2234.0
1058.0
744.0
-36.0
-1361.0
-1358.0
359.0
482.0
-390.0
-5.0
972.0
1136.0
614.0
284.0
-1267.0
-760.0
976.0
560.0
-66.0
1220.0
805.0
-1367.0
-945.0
-526.0
-1294.0
-410.0
711.0
1291.0
2354.0
2099.0
340.0
-586.0
-966.0
-1190.0
-1299.0
-677.0
-34.0
292.0
