Gv1b1164_136
1
RAW_AUDIO_STREAM
1600
2298.0
2160.0
566.0
-354.0
-196.0
123.0
-424.0
-808.0
-219.0
890.0
1583.0
900.0
-84.0
-1405.0
-1757.0
-1494.0
-784.0
1284.0
2775.0
2248.0
1051.0
1267.0
1092.0
-1171.0
-3123.0
-2728.0
-1173.0
300.0
1917.0
2484.0
1143.0
153.0
-110.0
-25.0
134.0
-555.0
-940.0
-87.0
731.0
682.0
736.0
1218.0
639.0
-1150.0
-1127.0
-772.0
-938.0
93.0
997.0
1371.0
1243.0
879.0
88.0
-1362.0
-1837.0
-885.0
854.0
2992.0
2602.0
-205.0
-1125.0
-1151.0
-1580.0
-1547.0
-1263.0
-287.0
1535.0
2390.0
2350.0
2414.0
1036.0
-1056.0
-2614.0
-2934.0
-1023.0
1068.0
1329.0
2241.0
2543.0
74.0
-1074.0
-976.0
-1945.0
-1619.0
479.0
1375.0
1712.0
1831.0
819.0
-491.0
-363.0
184.0
-561.0
-1271.0
-1074.0
235.0
1649.0
1634.0
372.0
-1360.0
-1675.0
-1394.0
-167.0
1266.0
1998.0
1711.0
685.0
1324.0
1374.0
-731.0
-2132.0
-2759.0
-2160.0
27.0
2227.0
2451.0
1774.0
1192.0
156.0
-557.0
-1055.0
-1600.0
-1043.0
-127.0
549.0
1690.0
2163.0
994.0
-357.0
-1040.0
-1167.0
-1014.0
-529.0
558.0
1812.0
868.0
-67.0
-366.0
-718.0
-1913.0
-783.0
1244.0
2061.0
2843.0
2532.0
-411.0
-1943.0
-3191.0
-1858.0
-1606.0
618.0
1012.0
984.0
1821.0
2418.0
1735.0
-1067.0
-1876.0
-1406.0
-1515.0
-882.0
1205.0
1988.0
1164.0
986.0
1342.0
106.0
-1574.0
-2040.0
-1079.0
85.0
788.0
470.0
906.0
1095.0
-130.0
59.0
618.0
-121.0
-485.0
313.0
904.0
1789.0
1419.0
-787.0
-2386.0
-2244.0
-697.0
-228.0
210.0
1386.0
2103.0
2236.0
2265.0
140.0
-2674.0
-2760.0
-1830.0
-804.0
1463.0
2591.0
1710.0
1449.0
372.0
-1318.0
-1245.0
-139.0
-292.0
-730.0
148.0
930.0
1101.0
1828.0
1403.0
-582.0
-1164.0
137.0
-390.0
-531.0
295.0
85.0
208.0
818.0
-107.0
-1588.0
-866.0
-6.0
731.0
1807.0
1631.0
159.0
-164.0
-49.0
-679.0
-769.0
-397.0
-825.0
-602.0
686.0
1273.0
2418.0
2263.0
203.0
-1531.0
-2182.0
-1491.0
-144.0
1188.0
1858.0
2750.0
2058.0
28.0
-1503.0
-2739.0
-2688.0
-1274.0
-357.0
-1040.0
-1167.0
-1014.0
-529.0
558.0
1812.0
868.0
-67.0
-366.0
-718.0
-1913.0
-783.0
1244.0
2061.0
2843.0
2532.0
-411.0
-1943.0
-3191.0
-1858.0
-1606.0
618.0
1012.0
984.0
1821.0
2418.0
1735.0
-1067.0
-1876.0
-1406.0
-1515.0
-882.0
1205.0
1988.0
1164.0
986.0
1342.0
106.0
-1574.0
-2040.0
-1079.0
85.0
788.0
470.0
906.0
1095.0
-130.0
59.0
618.0
-121.0
-485.0
313.0
904.0
1789.0
1419.0
-787.0
-2386.0
-2244.0
-697.0
-228.0
210.0
1386.0
2103.0
2236.0
2265.0
140.0
-2674.0
-2760.0
-1830.0
-804.0
1463.0
2591.0
1710.0
1449.0
372.0
-1318.0
-1245.0
-139.0
-292.0
-730.0
148.0
930.0
1101.0
1828.0
1403.0
-582.0
-1164.0
137.0
-390.0
-531.0
295.0
85.0
208.0
818.0
-107.0
-1588.0
-866.0
-6.0
731.0
1807.0
1631.0
159.0
-164.0
-49.0
-679.0
-769.0
-397.0
-825.0
-602.0
686.0
1273.0
2418.0
2263.0
203.0
-1531.0
-2182.0
-1491.0
-144.0
1188.0
1858.0
2750.0
2058.0
28.0
-1503.0
-2739.0
-2688.0
-1274.0
709.0
1955.0
1830.0
1361.0
11.0
-1118.0
126.0
850.0
261.0
123.0
404.0
470.0
532.0
897.0
-1016.0
-2407.0
-1246.0
-602.0
284.0
1705.0
1575.0
1078.0
1654.0
744.0
-760.0
-1108.0
-1738.0
-1533.0
-250.0
1717.0
2569.0
1801.0
541.0
-646.0
-590.0
-444.0
-865.0
-1184.0
-999.0
251.0
1760.0
2666.0
2388.0
536.0
-1762.0
-1216.0
-890.0
-1497.0
-225.0
630.0
1029.0
1459.0
1022.0
-398.0
-1312.0
-1816.0
-1349.0
1212.0
3681.0
3193.0
1173.0
-835.0
-2169.0
-2430.0
-1595.0
-388.0
-292.0
706.0
1962.0
2710.0
2326.0
20.0
-1283.0
-1477.0
-1587.0
-924.0
247.0
1345.0
1772.0
1163.0
300.0
-96.0
-578.0
-1391.0
-1759.0
-333.0
1250.0
1431.0
1294.0
31.0
-488.0
550.0
787.0
504.0
574.0
71.0
-645.0
-22.0
1047.0
-128.0
-1974.0
-1112.0
-491.0
-111.0
923.0
498.0
1192.0
2512.0
1780.0
701.0
-1433.0
-2362.0
-1991.0
-1939.0
-35.0
3007.0
3040.0
895.0
-418.0
409.0
73.0
-1901.0
-1374.0
-46.0
197.0
1662.0
2391.0
979.0
709.0
1955.0
1830.0
1361.0
11.0
-1118.0
126.0
850.0
261.0
123.0
404.0
470.0
532.0
897.0
-1016.0
-2407.0
-1246.0
-602.0
284.0
1705.0
1575.0
1078.0
1654.0
744.0
-760.0
-1108.0
-1738.0
-1533.0
-250.0
1717.0
2569.0
1801.0
541.0
-646.0
-590.0
-444.0
-865.0
-1184.0
-999.0
251.0
1760.0
2666.0
2388.0
536.0
-1762.0
-1216.0
-890.0
-1497.0
-225.0
630.0
1029.0
1459.0
1022.0
-398.0
-1312.0
-1816.0
-1349.0
1212.0
3681.0
3193.0
1173.0
-835.0
-2169.0
-2430.0
-1595.0
-388.0
-292.0
706.0
1962.0
2710.0
2326.0
20.0
-1283.0
-1477.0
-1587.0
-924.0
247.0
1345.0
1772.0
1163.0
300.0
-96.0
-578.0
-1391.0
-1759.0
-333.0
1250.0
1431.0
1294.0
31.0
-488.0
550.0
787.0
504.0
574.0
71.0
-645.0
-22.0
1047.0
-128.0
-1974.0
-1112.0
-491.0
-111.0
923.0
498.0
1192.0
2512.0
1780.0
701.0
-1433.0
-2362.0
-1991.0
-1939.0
-35.0
3007.0
3040.0
895.0
-418.0
409.0
73.0
-1901.0
-1374.0
-46.0
197.0
1662.0
2391.0
979.0
598.0
-715.0
-2291.0
-501.0
429.0
-257.0
1123.0
1150.0
-856.0
-159.0
723.0
-333.0
-644.0
-396.0
-151.0
1577.0
2478.0
482.0
-1388.0
-285.0
-844.0
-1493.0
-494.0
-691.0
318.0
1225.0
1090.0
2629.0
2512.0
191.0
-1127.0
-1420.0
-1239.0
-902.0
-88.0
1102.0
1923.0
2117.0
949.0
-496.0
-1749.0
-2585.0
-2436.0
21.0
2273.0
2323.0
1666.0
-274.0
-712.0
-298.0
-837.0
-1085.0
-101.0
1022.0
1889.0
1692.0
251.0
-883.0
-1576.0
-1633.0
-362.0
683.0
1149.0
1893.0
2272.0
1563.0
758.0
-564.0
-2152.0
-1839.0
-1716.0
-1204.0
837.0
1981.0
1296.0
1148.0
543.0
6.0
-288.0
-612.0
-861.0
-366.0
-321.0
68.0
1327.0
1803.0
1227.0
-848.0
-612.0
303.0
-801.0
-842.0
362.0
550.0
429.0
1035.0
461.0
-1086.0
-846.0
102.0
1538.0
1905.0
606.0
-47.0
-442.0
-1687.0
-1667.0
-1200.0
-253.0
1227.0
1319.0
1802.0
2457.0
1178.0
-943.0
-2473.0
-2464.0
-1165.0
1004.0
1581.0
1091.0
2301.0
2034.0
-1023.0
-1839.0
-832.0
-1661.0
-609.0
598.0
-715.0
-2291.0
-501.0
429.0
-257.0
1123.0
1150.0
-856.0
-159.0
723.0
-333.0
-644.0
-396.0
-151.0
1577.0
2478.0
482.0
-1388.0
-285.0
-844.0
-1493.0
-494.0
-691.0
318.0
1225.0
1090.0
2629.0
2512.0
191.0
-1127.0
-1420.0
-1239.0
-902.0
-88.0
1102.0
1923.0
2117.0
949.0
-496.0
-1749.0
-2585.0
-2436.0
21.0
2273.0
2323.0
1666.0
-274.0
-712.0
-298.0
-837.0
-1085.0
-101.0
1022.0
1889.0
1692.0
251.0
-883.0
-1576.0
-1633.0
-362.0
683.0
1149.0
1893.0
2272.0
1563.0
758.0
-564.0
-2152.0
-1839.0
-1716.0
-1204.0
837.0
1981.0
1296.0
1148.0
543.0
6.0
-288.0
-612.0
-861.0
-366.0
-321.0
68.0
1327.0
1803.0
1227.0
-848.0
-612.0
303.0
-801.0
-842.0
362.0
550.0
429.0
1035.0
461.0
-1086.0
-846.0
102.0
1538.0
1905.0
606.0
-47.0
-442.0
-1687.0
-1667.0
-1200.0
-253.0
1227.0
1319.0
1802.0
2457.0
1178.0
-943.0
-2473.0
-2464.0
-1165.0
1004.0
1581.0
1091.0
2301.0
2034.0
-1023.0
-1839.0
-832.0
-1661.0
-609.0
1804.0
1746.0
1076.0
297.0
-730.0
-408.0
39.0
-194.0
474.0
604.0
-50.0
459.0
822.0
106.0
-2019.0
-1312.0
381.0
-163.0
703.0
1372.0
321.0
344.0
1996.0
1631.0
-578.0
-2118.0
-2769.0
-2232.0
8.0
2695.0
3078.0
1700.0
884.0
-8.0
-1366.0
-765.0
-273.0
-580.0
-191.0
457.0
647.0
1242.0
1578.0
174.0
-906.0
63.0
446.0
-1190.0
-449.0
979.0
-602.0
-455.0
268.0
-438.0
-1179.0
-26.0
1147.0
762.0
1938.0
2131.0
583.0
-304.0
-1653.0
-1832.0
-381.0
-622.0
-760.0
490.0
1609.0
2269.0
2944.0
775.0
-2558.0
-1332.0
-1235.0
-1078.0
109.0
831.0
1576.0
1970.0
1169.0
-173.0
-1350.0
-1914.0
-1777.0
-1014.0
-4.0
902.0
1702.0
1280.0
319.0
53.0
472.0
315.0
-302.0
-595.0
577.0
1665.0
1542.0
-285.0
-1540.0
-1912.0
-1028.0
223.0
919.0
1372.0
1599.0
1828.0
1303.0
-509.0
-2309.0
-2657.0
-2059.0
-282.0
1171.0
3163.0
2878.0
582.0
-517.0
-1704.0
-1116.0
-315.0
-391.0
-54.0
350.0
1365.0
2131.0
1879.0
1804.0
1746.0
1076.0
297.0
-730.0
-408.0
39.0
-194.0
474.0
604.0
-50.0
459.0
822.0
106.0
-2019.0
-1312.0
381.0
-163.0
703.0
1372.0
321.0
344.0
1996.0
1631.0
-578.0
-2118.0
-2769.0
-2232.0
8.0
2695.0
3078.0
1700.0
884.0
-8.0
-1366.0
-765.0
-273.0
-580.0
-191.0
457.0
647.0
1242.0
1578.0
174.0
-906.0
63.0
446.0
-1190.0
-449.0
979.0
-602.0
-455.0
268.0
-438.0
-1179.0
-26.0
1147.0
762.0
1938.0
2131.0
583.0
-304.0
-1653.0
-1832.0
-381.0
-622.0
-760.0
490.0
1609.0
2269.0
2944.0
775.0
-2558.0
-1332.0
-1235.0
-1078.0
109.0
831.0
1576.0
1970.0
1169.0
-173.0
-1350.0
-1914.0
-1777.0
-1014.0
-4.0
902.0
1702.0
1280.0
319.0
53.0
472.0
315.0
-302.0
-595.0
577.0
1665.0
1542.0
-285.0
-1540.0
-1912.0
-1028.0
223.0
919.0
1372.0
1599.0
1828.0
1303.0
-509.0
-2309.0
-2657.0
-2059.0
-282.0
1171.0
3163.0
2878.0
582.0
-517.0
-1704.0
-1116.0
-315.0
-391.0
-54.0
350.0
1365.0
2131.0
1879.0
155.0
-1038.0
-896.0
279.0
161.0
-723.0
-70.0
-323.0
-347.0
523.0
948.0
-693.0
-1060.0
23.0
724.0
1442.0
1324.0
413.0
70.0
-196.0
-671.0
-1844.0
-1105.0
3.0
518.0
1191.0
2055.0
2143.0
984.0
-609.0
-1657.0
-1681.0
-1182.0
-148.0
704.0
1833.0
2874.0
1598.0
-494.0
-1165.0
-1659.0
-2020.0
-850.0
1078.0
1607.0
638.0
915.0
687.0
-1113.0
-735.0
1063.0
863.0
881.0
330.0
-528.0
-22.0
-53.0
-1229.0
-1204.0
-436.0
166.0
740.0
1162.0
1473.0
1496.0
1699.0
625.0
-976.0
-1315.0
-1969.0
-1750.0
-754.0
863.0
2548.0
2237.0
908.0
42.0
-940.0
-1041.0
-474.0
-164.0
-702.0
30.0
789.0
2180.0
2191.0
447.0
-496.0
-1593.0
-1706.0
-193.0
677.0
77.0
-80.0
-74.0
236.0
46.0
-849.0
-707.0
127.0
1255.0
2559.0
3169.0
1235.0
-759.0
-2149.0
-1925.0
-1458.0
-757.0
28.0
298.0
1200.0
2491.0
2356.0
461.0
-684.0
-1034.0
-630.0
-258.0
-388.0
-1124.0
94.0
2087.0
2066.0
-120.0
-751.0
-1237.0
-2099.0
155.0
-1038.0
-896.0
279.0
161.0
-723.0
-70.0
-323.0
-347.0
523.0
948.0
-693.0
-1060.0
23.0
724.0
1442.0
1324.0
413.0
70.0
-196.0
-671.0
-1844.0
-1105.0
3.0
518.0
1191.0
2055.0
2143.0
984.0
-609.0
-1657.0
-1681.0
-1182.0
-148.0
704.0
1833.0
2874.0
1598.0
-494.0
-1165.0
-1659.0
-2020.0
-850.0
1078.0
1607.0
638.0
915.0
687.0
-1113.0
-735.0
1063.0
863.0
881.0
330.0
-528.0
-22.0
-53.0
-1229.0
-1204.0
-436.0
166.0
740.0
1162.0
1473.0
1496.0
1699.0
625.0
-976.0
-1315.0
-1969.0
-1750.0
-754.0
863.0
2548.0
2237.0
908.0
42.0
-940.0
-1041.0
-474.0
-164.0
-702.0
30.0
789.0
2180.0
2191.0
447.0
-496.0
-1593.0
-1706.0
-193.0
677.0
77.0
-80.0
-74.0
236.0
46.0
-849.0
-707.0
127.0
1255.0
2559.0
3169.0
1235.0
-759.0
-2149.0
-1925.0
-1458.0
-757.0
28.0
298.0
1200.0
2491.0
2356.0
461.0
-684.0
-1034.0
-630.0
-258.0
-388.0
-1124.0
94.0
2087.0
2066.0
-120.0
-751.0
-1237.0
-2099.0
-488.0
1158.0
755.0
854.0
1013.0
469.0
914.0
479.0
310.0
-548.0
-131.0
345.0
655.0
1484.0
-228.0
-1520.0
-1677.0
-1511.0
-235.0
258.0
1163.0
2396.0
1938.0
1782.0
1150.0
-2032.0
-3418.0
-3251.0
-1575.0
579.0
2711.0
3153.0
1989.0
758.0
-379.0
-1341.0
-1177.0
-188.0
-60.0
339.0
1485.0
838.0
462.0
984.0
59.0
-1096.0
-721.0
-355.0
-478.0
-86.0
963.0
0.0
-555.0
-61.0
-334.0
210.0
860.0
1161.0
977.0
1118.0
785.0
-604.0
-1060.0
-1368.0
-1191.0
-690.0
-197.0
423.0
1875.0
1989.0
1918.0
1959.0
-58.0
-1624.0
-2019.0
-1261.0
-461.0
60.0
1564.0
2296.0
520.0
-601.0
-419.0
-1421.0
-958.0
-633.0
140.0
2435.0
2629.0
1103.0
-1118.0
-1899.0
-1333.0
-278.0
1131.0
2018.0
1104.0
148.0
48.0
85.0
-1589.0
-2250.0
-1031.0
-385.0
1003.0
2161.0
2311.0
1526.0
1063.0
1034.0
-52.0
-1587.0
-2323.0
-2470.0
-1519.0
549.0
2479.0
2475.0
1146.0
-332.0
-185.0
25.0
115.0
-444.0
-1091.0
-648.0
409.0
1475.0
-488.0
1158.0
755.0
854.0
1013.0
469.0
914.0
479.0
310.0
-548.0
-131.0
345.0
655.0
1484.0
-228.0
-1520.0
-1677.0
-1511.0
-235.0
258.0
1163.0
2396.0
1938.0
1782.0
1150.0
-2032.0
-3418.0
-3251.0
-1575.0
579.0
2711.0
3153.0
1989.0
758.0
-379.0
-1341.0
-1177.0
-188.0
-60.0
339.0
1485.0
838.0
462.0
984.0
59.0
-1096.0
-721.0
-355.0
-478.0
-86.0
963.0
0.0
-555.0
-61.0
-334.0
210.0
860.0
1161.0
977.0
1118.0
785.0
-604.0
-1060.0
-1368.0
