Gv1b1164_120
1
RAW_AUDIO_STREAM
1600
781.0
1142.0
870.0
72.0
-380.0
-449.0
-552.0
-248.0
177.0
471.0
693.0
498.0
202.0
310.0
258.0
65.0
104.0
147.0
4.0
-104.0
-59.0
-147.0
-422.0
-685.0
-228.0
307.0
378.0
689.0
958.0
791.0
404.0
-134.0
-385.0
-487.0
-462.0
250.0
910.0
972.0
447.0
151.0
-57.0
-304.0
-130.0
257.0
343.0
126.0
103.0
185.0
295.0
297.0
41.0
112.0
-90.0
-206.0
-149.0
-177.0
-374.0
-246.0
150.0
194.0
166.0
190.0
359.0
888.0
1057.0
647.0
252.0
-230.0
-742.0
-790.0
-330.0
235.0
511.0
627.0
801.0
926.0
639.0
12.0
-331.0
-551.0
-659.0
-433.0
-42.0
438.0
818.0
858.0
321.0
-287.0
-674.0
-906.0
-503.0
369.0
855.0
816.0
599.0
579.0
505.0
418.0
245.0
96.0
21.0
-44.0
48.0
-46.0
-481.0
-538.0
-353.0
-122.0
249.0
753.0
870.0
696.0
501.0
113.0
-272.0
-533.0
-538.0
-256.0
22.0
393.0
705.0
630.0
238.0
-65.0
-49.0
-44.0
-29.0
223.0
427.0
530.0
441.0
412.0
407.0
53.0
-276.0
-275.0
-225.0
93.0
456.0
386.0
38.0
-32.0
-87.0
-237.0
-139.0
176.0
491.0
748.0
808.0
519.0
-62.0
-512.0
-780.0
-864.0
-353.0
478.0
928.0
1054.0
943.0
398.0
-165.0
-445.0
-561.0
-319.0
116.0
444.0
639.0
630.0
376.0
-40.0
-172.0
-145.0
-125.0
154.0
376.0
428.0
337.0
-106.0
-451.0
-135.0
447.0
692.0
544.0
224.0
-177.0
-218.0
-208.0
-411.0
-403.0
-256.0
-46.0
355.0
806.0
1058.0
1061.0
831.0
359.0
-370.0
-801.0
-770.0
-479.0
155.0
873.0
1178.0
790.0
141.0
-276.0
-538.0
-608.0
-266.0
187.0
269.0
435.0
683.0
484.0
295.0
164.0
-207.0
-314.0
-154.0
-46.0
10.0
148.0
282.0
149.0
30.0
74.0
175.0
191.0
296.0
623.0
799.0
496.0
8.0
-515.0
-589.0
-213.0
139.0
513.0
694.0
550.0
514.0
355.0
-135.0
-410.0
-498.0
-511.0
-271.0
207.0
403.0
471.0
507.0
-24.0
-379.0
-143.0
-30.0
427.0
530.0
441.0
412.0
407.0
53.0
-276.0
-275.0
-225.0
93.0
456.0
386.0
38.0
-32.0
-87.0
-237.0
-139.0
176.0
491.0
748.0
808.0
519.0
-62.0
-512.0
-780.0
-864.0
-353.0
478.0
928.0
1054.0
943.0
398.0
-165.0
-445.0
-561.0
-319.0
116.0
444.0
639.0
630.0
376.0
-40.0
-172.0
-145.0
-125.0
154.0
376.0
428.0
337.0
-106.0
-451.0
-135.0
447.0
692.0
544.0
224.0
-177.0
-218.0
-208.0
-411.0
-403.0
-256.0
-46.0
355.0
806.0
1058.0
1061.0
831.0
359.0
-370.0
-801.0
-770.0
-479.0
155.0
873.0
1178.0
790.0
141.0
-276.0
-538.0
-608.0
-266.0
187.0
269.0
435.0
683.0
484.0
295.0
164.0
-207.0
-314.0
-154.0
-46.0
10.0
148.0
282.0
149.0
30.0
74.0
175.0
191.0
296.0
623.0
799.0
496.0
8.0
-515.0
-589.0
-213.0
139.0
513.0
694.0
550.0
514.0
355.0
-135.0
-410.0
-498.0
-511.0
-271.0
207.0
403.0
471.0
507.0
-24.0
-379.0
-143.0
-30.0
163.0
533.0
818.0
849.0
625.0
226.0
-132.0
-185.0
-20.0
105.0
384.0
537.0
166.0
-90.0
-386.0
-795.0
-771.0
-356.0
288.0
1029.0
1294.0
933.0
459.0
15.0
-570.0
-968.0
-907.0
-494.0
200.0
871.0
1161.0
1146.0
728.0
-41.0
-454.0
-400.0
-443.0
-313.0
163.0
453.0
729.0
1011.0
790.0
164.0
-273.0
-373.0
-305.0
16.0
103.0
-10.0
-3.0
70.0
-14.0
-86.0
58.0
26.0
147.0
519.0
711.0
638.0
290.0
-219.0
-533.0
-407.0
89.0
360.0
503.0
723.0
643.0
280.0
-130.0
-409.0
-406.0
-284.0
26.0
380.0
610.0
756.0
620.0
172.0
-357.0
-502.0
-397.0
-278.0
80.0
564.0
603.0
241.0
11.0
-63.0
-49.0
161.0
304.0
314.0
602.0
778.0
412.0
-261.0
-769.0
-937.0
-644.0
62.0
687.0
979.0
1093.0
867.0
340.0
-65.0
-402.0
-727.0
-641.0
-280.0
383.0
987.0
946.0
614.0
167.0
-270.0
-537.0
-602.0
-379.0
-73.0
91.0
679.0
1048.0
905.0
489.0
1.0
163.0
533.0
818.0
849.0
625.0
226.0
-132.0
-185.0
-20.0
105.0
384.0
537.0
166.0
-90.0
-386.0
-795.0
-771.0
-356.0
288.0
1029.0
1294.0
933.0
459.0
15.0
-570.0
-968.0
-907.0
-494.0
200.0
871.0
1161.0
1146.0
728.0
-41.0
-454.0
-400.0
-443.0
-313.0
163.0
453.0
729.0
1011.0
790.0
164.0
-273.0
-373.0
-305.0
16.0
103.0
-10.0
-3.0
70.0
-14.0
-86.0
58.0
26.0
147.0
519.0
711.0
638.0
290.0
-219.0
-533.0
-407.0
89.0
360.0
503.0
723.0
643.0
280.0
-130.0
-409.0
-406.0
-284.0
26.0
380.0
610.0
756.0
620.0
172.0
-357.0
-502.0
-397.0
-278.0
80.0
564.0
603.0
241.0
11.0
-63.0
-49.0
161.0
304.0
314.0
602.0
778.0
412.0
-261.0
-769.0
-937.0
-644.0
62.0
687.0
979.0
1093.0
867.0
340.0
-65.0
-402.0
-727.0
-641.0
-280.0
383.0
987.0
946.0
614.0
167.0
-270.0
-537.0
-602.0
-379.0
-73.0
91.0
679.0
1048.0
905.0
489.0
1.0
-321.0
-297.0
-65.0
38.0
17.0
45.0
151.0
135.0
-93.0
-70.0
337.0
721.0
999.0
1012.0
484.0
-436.0
-1213.0
-1189.0
-550.0
35.0
637.0
985.0
923.0
546.0
194.0
-130.0
-307.0
-447.0
-535.0
-147.0
400.0
768.0
756.0
466.0
246.0
-113.0
-514.0
-460.0
4.0
442.0
626.0
690.0
534.0
140.0
-119.0
-262.0
46.0
386.0
306.0
158.0
349.0
446.0
-93.0
-620.0
-690.0
-834.0
-668.0
99.0
885.0
1165.0
1054.0
648.0
68.0
-324.0
-687.0
-602.0
-85.0
391.0
929.0
1087.0
637.0
-38.0
-390.0
-299.0
-40.0
245.0
213.0
231.0
280.0
348.0
373.0
152.0
59.0
-133.0
-313.0
-84.0
-99.0
-186.0
-85.0
-175.0
-59.0
331.0
539.0
426.0
507.0
881.0
742.0
581.0
217.0
-637.0
-949.0
-778.0
-575.0
87.0
895.0
1391.0
1423.0
825.0
93.0
-339.0
-840.0
-1035.0
-621.0
5.0
540.0
876.0
821.0
307.0
-274.0
-522.0
-626.0
-363.0
205.0
571.0
752.0
769.0
604.0
236.0
-321.0
-297.0
-65.0
38.0
17.0
45.0
151.0
135.0
-93.0
-70.0
337.0
721.0
999.0
1012.0
484.0
-436.0
-1213.0
-1189.0
-550.0
35.0
637.0
985.0
923.0
546.0
194.0
-130.0
-307.0
-447.0
-535.0
-147.0
400.0
768.0
756.0
466.0
246.0
-113.0
-514.0
-460.0
4.0
442.0
626.0
690.0
534.0
140.0
-119.0
-262.0
46.0
386.0
306.0
158.0
349.0
446.0
-93.0
-620.0
-690.0
-834.0
-668.0
99.0
885.0
1165.0
1054.0
648.0
68.0
-324.0
-687.0
-602.0
-85.0
391.0
929.0
1087.0
637.0
-38.0
-390.0
-299.0
-40.0
245.0
213.0
231.0
280.0
348.0
373.0
152.0
59.0
-133.0
-313.0
-84.0
-99.0
-186.0
-85.0
-175.0
-59.0
331.0
539.0
426.0
507.0
881.0
742.0
581.0
217.0
-637.0
-949.0
-778.0
-575.0
87.0
895.0
1391.0
1423.0
825.0
93.0
-339.0
-840.0
-1035.0
-621.0
5.0
540.0
876.0
821.0
307.0
-274.0
-522.0
-626.0
-363.0
205.0
571.0
752.0
769.0
604.0
236.0
-76.0
282.0
644.0
420.0
37.0
-197.0
-154.0
-229.0
-539.0
-541.0
-43.0
274.0
453.0
644.0
653.0
651.0
365.0
-160.0
-333.0
-467.0
-557.0
-326.0
181.0
687.0
749.0
695.0
343.0
-179.0
-363.0
-167.0
55.0
176.0
354.0
636.0
723.0
629.0
403.0
140.0
-309.0
-523.0
-79.0
91.0
-62.0
-17.0
-183.0
-115.0
226.0
259.0
91.0
202.0
638.0
886.0
727.0
191.0
-305.0
-680.0
-872.0
-793.0
-408.0
534.0
1143.0
995.0
1061.0
873.0
79.0
-478.0
-689.0
-649.0
-187.0
312.0
543.0
706.0
787.0
390.0
-81.0
-403.0
-502.0
-343.0
-53.0
308.0
571.0
492.0
163.0
223.0
402.0
242.0
108.0
-3.0
39.0
70.0
-54.0
-110.0
-253.0
-375.0
-174.0
195.0
524.0
891.0
1071.0
827.0
324.0
-163.0
-541.0
-917.0
-842.0
-207.0
577.0
1152.0
1151.0
660.0
183.0
-199.0
-557.0
-456.0
-86.0
167.0
254.0
389.0
695.0
419.0
-44.0
-220.0
-379.0
-175.0
41.0
74.0
315.0
387.0
-76.0
282.0
644.0
420.0
37.0
-197.0
-154.0
-229.0
-539.0
-541.0
-43.0
274.0
453.0
644.0
653.0
651.0
365.0
-160.0
-333.0
-467.0
-557.0
-326.0
181.0
687.0
749.0
695.0
343.0
-179.0
-363.0
-167.0
55.0
176.0
354.0
636.0
723.0
629.0
403.0
140.0
-309.0
-523.0
-79.0
91.0
-62.0
-17.0
-183.0
-115.0
226.0
259.0
91.0
202.0
638.0
886.0
727.0
191.0
-305.0
-680.0
-872.0
-793.0
-408.0
534.0
1143.0
995.0
1061.0
873.0
79.0
-478.0
-689.0
-649.0
-187.0
312.0
543.0
706.0
787.0
390.0
-81.0
-403.0
-502.0
-343.0
-53.0
308.0
571.0
492.0
163.0
223.0
402.0
242.0
108.0
-3.0
39.0
70.0
-54.0
-110.0
-253.0
-375.0
-174.0
195.0
524.0
891.0
1071.0
827.0
324.0
-163.0
-541.0
-917.0
-842.0
-207.0
577.0
1152.0
1151.0
660.0
183.0
-199.0
-557.0
-456.0
-86.0
167.0
254.0
389.0
695.0
419.0
-44.0
-220.0
-379.0
-175.0
41.0
74.0
315.0
387.0
238.0
294.0
300.0
-101.0
-188.0
223.0
434.0
453.0
663.0
766.0
325.0
-564.0
-1080.0
-957.0
-366.0
372.0
798.0
1115.0
1198.0
662.0
-1.0
-465.0
-775.0
-961.0
-442.0
523.0
878.0
804.0
644.0
281.0
-234.0
-441.0
-232.0
-106.0
132.0
552.0
605.0
303.0
-9.0
-18.0
182.0
424.0
595.0
455.0
519.0
382.0
-224.0
-711.0
-944.0
-873.0
-370.0
288.0
890.0
1108.0
946.0
422.0
-74.0
-412.0
-793.0
-629.0
-249.0
82.0
732.0
1436.0
1470.0
674.0
-181.0
-656.0
-796.0
-544.0
0.0
501.0
770.0
996.0
838.0
189.0
-181.0
-300.0
-426.0
-394.0
-164.0
131.0
50.0
94.0
239.0
14.0
-54.0
15.0
117.0
370.0
673.0
846.0
658.0
232.0
-496.0
-941.0
-538.0
-54.0
303.0
736.0
922.0
734.0
480.0
283.0
-225.0
-609.0
-397.0
-67.0
434.0
714.0
619.0
428.0
-82.0
-672.0
-765.0
-282.0
95.0
367.0
487.0
447.0
191.0
-8.0
220.0
254.0
158.0
416.0
850.0
807.0
238.0
294.0
300.0
-101.0
-188.0
223.0
434.0
453.0
663.0
766.0
325.0
-564.0
-1080.0
-957.0
-366.0
372.0
798.0
1115.0
1198.0
662.0
-1.0
-465.0
-775.0
-961.0
-442.0
523.0
878.0
804.0
644.0
281.0
-234.0
-441.0
-232.0
-106.0
132.0
552.0
605.0
303.0
-9.0
-18.0
182.0
424.0
595.0
455.0
519.0
382.0
-224.0
-711.0
-944.0
-873.0
-370.0
288.0
890.0
1108.0
946.0
422.0
-74.0
-412.0
-793.0
-629.0
-249.0
82.0
732.0
1436.0
1470.0
674.0
-181.0
-656.0
-796.0
-544.0
0.0
501.0
770.0
996.0
838.0
189.0
-181.0
-300.0
-426.0
-394.0
-164.0
131.0
50.0
94.0
239.0
14.0
-54.0
15.0
117.0
370.0
673.0
846.0
658.0
232.0
-496.0
-941.0
-538.0
-54.0
303.0
736.0
922.0
734.0
480.0
283.0
-225.0
-609.0
-397.0
-67.0
434.0
714.0
619.0
428.0
-82.0
-672.0
-765.0
-282.0
95.0
367.0
487.0
447.0
191.0
-8.0
220.0
254.0
158.0
416.0
850.0
807.0
272.0
-68.0
-499.0
-990.0
-910.0
-272.0
223.0
531.0
1009.0
1072.0
697.0
473.0
-57.0
-741.0
-946.0
-920.0
-259.0
787.0
1370.0
1417.0
778.0
-172.0
-753.0
-836.0
-648.0
-506.0
-111.0
444.0
948.0
1324.0
1213.0
648.0
-1.0
-364.0
-530.0
-558.0
83.0
351.0
-133.0
-174.0
13.0
-20.0
113.0
419.0
491.0
466.0
697.0
580.0
-1.0
-503.0
-666.0
-478.0
-160.0
345.0
588.0
455.0
572.0
543.0
200.0
-52.0
-229.0
-462.0
-342.0
260.0
570.0
671.0
736.0
422.0
-88.0
-320.0
-504.0
-583.0
-9.0
295.0
585.0
999.0
736.0
253.0
-2.0
-228.0
-379.0
-165.0
321.0
607.0
528.0
82.0
-496.0
-884.0
-1036.0
-655.0
167.0
842.0
1359.0
1561.0
1193.0
567.0
-237.0
-788.0
-1153.0
-1099.0
-230.0
729.0
1101.0
1038.0
677.0
191.0
-368.0
-536.0
-352.0
-3.0
185.0
313.0
592.0
855.0
826.0
229.0
-463.0
-803.0
-687.0
-306.0
35.0
98.0
97.0
146.0
74.0
63.0
391.0
580.0
272.0
-68.0
-499.0
-990.0
-910.0
-272.0
223.0
531.0
1009.0
1072.0
697.0
473.0
-57.0
-741.0
-946.0
-920.0
-259.0
787.0
1370.0
1417.0
778.0
-172.0
-753.0
-836.0
-648.0
-506.0
-111.0
444.0
948.0
1324.0
1213.0
648.0
-1.0
-364.0
-530.0
-558.0
83.0
351.0
-133.0
-174.0
13.0
-20.0
113.0
419.0
491.0
466.0
697.0
580.0
-1.0
-503.0
-666.0
-478.0
-160.0
345.0
588.0
455.0
572.0
543.0
200.0
-52.0
-229.0
-462.0
-342.0
260.0
