Gv1b1164_129
1
RAW_AUDIO_STREAM
1600
586.0
282.0
39.0
359.0
-18.0
-909.0
-936.0
-499.0
-396.0
-274.0
704.0
1005.0
312.0
-8.0
-24.0
429.0
1047.0
819.0
243.0
359.0
157.0
-671.0
-914.0
-622.0
-250.0
366.0
1140.0
1759.0
1527.0
80.0
-957.0
-564.0
-171.0
163.0
403.0
-99.0
-101.0
409.0
372.0
11.0
-211.0
-939.0
-965.0
139.0
990.0
1169.0
943.0
-100.0
-480.0
235.0
204.0
-242.0
245.0
842.0
642.0
657.0
382.0
-531.0
-837.0
-545.0
16.0
197.0
297.0
371.0
728.0
1211.0
970.0
36.0
-866.0
-1429.0
-1342.0
-708.0
132.0
685.0
741.0
407.0
351.0
519.0
536.0
241.0
156.0
85.0
-200.0
112.0
422.0
388.0
756.0
1043.0
664.0
288.0
-344.0
-839.0
-515.0
-69.0
123.0
-345.0
-844.0
-622.0
-122.0
827.0
1469.0
1306.0
114.0
-337.0
-20.0
-349.0
-806.0
-473.0
-307.0
-184.0
620.0
1056.0
910.0
920.0
494.0
-78.0
-28.0
96.0
-101.0
-1.0
430.0
799.0
477.0
-228.0
-110.0
108.0
-457.0
-476.0
-54.0
115.0
462.0
267.0
-17.0
508.0
519.0
-117.0
-202.0
255.0
520.0
444.0
357.0
-101.0
-813.0
-736.0
-613.0
-220.0
594.0
643.0
767.0
1474.0
1407.0
771.0
-14.0
-922.0
-1165.0
-942.0
-300.0
337.0
927.0
1165.0
608.0
-268.0
-165.0
-1.0
-193.0
-410.0
-415.0
201.0
761.0
718.0
462.0
-205.0
-605.0
296.0
783.0
-89.0
-78.0
206.0
-532.0
-282.0
224.0
-193.0
57.0
692.0
1004.0
1509.0
1220.0
-205.0
-614.0
75.0
-299.0
-852.0
-691.0
-587.0
-510.0
538.0
1186.0
760.0
487.0
299.0
-173.0
-106.0
68.0
-301.0
-157.0
750.0
1111.0
416.0
-200.0
-83.0
-420.0
-885.0
-319.0
20.0
-55.0
817.0
1186.0
383.0
267.0
309.0
395.0
533.0
320.0
177.0
406.0
289.0
-539.0
-1109.0
-926.0
-823.0
-231.0
299.0
664.0
947.0
1084.0
983.0
254.0
-244.0
-827.0
-889.0
-615.0
197.0
1012.0
949.0
399.0
66.0
312.0
303.0
207.0
19.0
-196.0
-52.0
468.0
467.0
333.0
812.0
-54.0
115.0
462.0
267.0
-17.0
508.0
519.0
-117.0
-202.0
255.0
520.0
444.0
357.0
-101.0
-813.0
-736.0
-613.0
-220.0
594.0
643.0
767.0
1474.0
1407.0
771.0
-14.0
-922.0
-1165.0
-942.0
-300.0
337.0
927.0
1165.0
608.0
-268.0
-165.0
-1.0
-193.0
-410.0
-415.0
201.0
761.0
718.0
462.0
-205.0
-605.0
296.0
783.0
-89.0
-78.0
206.0
-532.0
-282.0
224.0
-193.0
57.0
692.0
1004.0
1509.0
1220.0
-205.0
-614.0
75.0
-299.0
-852.0
-691.0
-587.0
-510.0
538.0
1186.0
760.0
487.0
299.0
-173.0
-106.0
68.0
-301.0
-157.0
750.0
1111.0
416.0
-200.0
-83.0
-420.0
-885.0
-319.0
20.0
-55.0
817.0
1186.0
383.0
267.0
309.0
395.0
533.0
320.0
177.0
406.0
289.0
-539.0
-1109.0
-926.0
-823.0
-231.0
299.0
664.0
947.0
1084.0
983.0
254.0
-244.0
-827.0
-889.0
-615.0
197.0
1012.0
949.0
399.0
66.0
312.0
303.0
207.0
19.0
-196.0
-52.0
468.0
467.0
333.0
812.0
557.0
-403.0
-264.0
28.0
-291.0
132.0
300.0
-654.0
-647.0
-338.0
-528.0
-197.0
388.0
574.0
1386.0
1726.0
818.0
161.0
-82.0
-686.0
-1017.0
-953.0
-641.0
33.0
651.0
939.0
1323.0
1060.0
115.0
-52.0
91.0
107.0
140.0
-64.0
354.0
984.0
443.0
-228.0
80.0
-308.0
-1107.0
-1100.0
-530.0
259.0
1254.0
787.0
-197.0
-120.0
-88.0
-64.0
562.0
1129.0
937.0
543.0
159.0
-674.0
-1328.0
-993.0
-182.0
562.0
811.0
678.0
889.0
1468.0
1356.0
353.0
-645.0
-1014.0
-1377.0
-891.0
125.0
662.0
799.0
141.0
-81.0
524.0
645.0
-58.0
-685.0
-125.0
403.0
311.0
430.0
909.0
1235.0
-5.0
-966.0
-402.0
259.0
240.0
122.0
328.0
389.0
-143.0
-610.0
-516.0
-66.0
375.0
298.0
371.0
1209.0
1083.0
-58.0
-196.0
-327.0
-1150.0
-1191.0
-633.0
-66.0
1154.0
2044.0
1869.0
907.0
-57.0
-514.0
-640.0
-417.0
289.0
404.0
18.0
486.0
651.0
-255.0
-737.0
-406.0
-284.0
-285.0
-43.0
557.0
-403.0
-264.0
28.0
-291.0
132.0
300.0
-654.0
-647.0
-338.0
-528.0
-197.0
388.0
574.0
1386.0
1726.0
818.0
161.0
-82.0
-686.0
-1017.0
-953.0
-641.0
33.0
651.0
939.0
1323.0
1060.0
115.0
-52.0
91.0
107.0
140.0
-64.0
354.0
984.0
443.0
-228.0
80.0
-308.0
-1107.0
-1100.0
-530.0
259.0
1254.0
787.0
-197.0
-120.0
-88.0
-64.0
562.0
1129.0
937.0
543.0
159.0
-674.0
-1328.0
-993.0
-182.0
562.0
811.0
678.0
889.0
1468.0
1356.0
353.0
-645.0
-1014.0
-1377.0
-891.0
125.0
662.0
799.0
141.0
-81.0
524.0
645.0
-58.0
-685.0
-125.0
403.0
311.0
430.0
909.0
1235.0
-5.0
-966.0
-402.0
259.0
240.0
122.0
328.0
389.0
-143.0
-610.0
-516.0
-66.0
375.0
298.0
371.0
1209.0
1083.0
-58.0
-196.0
-327.0
-1150.0
-1191.0
-633.0
-66.0
1154.0
2044.0
1869.0
907.0
-57.0
-514.0
-640.0
-417.0
289.0
404.0
18.0
486.0
651.0
-255.0
-737.0
-406.0
-284.0
-285.0
-43.0
486.0
1129.0
811.0
-192.0
-8.0
396.0
-115.0
-81.0
570.0
772.0
343.0
249.0
-47.0
-1133.0
-1202.0
-326.0
-41.0
377.0
687.0
494.0
823.0
1908.0
1460.0
-577.0
-1449.0
-1185.0
-1167.0
-196.0
1262.0
1289.0
506.0
-44.0
-108.0
-208.0
-324.0
5.0
665.0
261.0
-404.0
161.0
1143.0
1295.0
84.0
-1089.0
-649.0
527.0
568.0
23.0
274.0
642.0
-134.0
-812.0
-755.0
-436.0
282.0
679.0
741.0
1447.0
1307.0
0.0
23.0
318.0
-994.0
-1482.0
-585.0
-567.0
71.0
1219.0
1574.0
1622.0
1000.0
-629.0
-1540.0
-721.0
-100.0
277.0
867.0
1016.0
1055.0
1151.0
141.0
-1092.0
-1200.0
-1121.0
-989.0
263.0
960.0
888.0
765.0
17.0
-283.0
200.0
547.0
291.0
275.0
661.0
874.0
270.0
-765.0
-1079.0
-673.0
-781.0
11.0
842.0
777.0
981.0
1347.0
823.0
119.0
-841.0
-1372.0
-877.0
-110.0
592.0
1722.0
1655.0
167.0
-413.0
-404.0
-648.0
-833.0
-633.0
-82.0
725.0
1263.0
922.0
1001.0
484.0
486.0
1129.0
811.0
-192.0
-8.0
396.0
-115.0
-81.0
570.0
772.0
343.0
249.0
-47.0
-1133.0
-1202.0
-326.0
-41.0
377.0
687.0
494.0
823.0
1908.0
1460.0
-577.0
-1449.0
-1185.0
-1167.0
-196.0
1262.0
1289.0
506.0
-44.0
-108.0
-208.0
-324.0
5.0
665.0
261.0
-404.0
161.0
1143.0
1295.0
84.0
-1089.0
-649.0
527.0
568.0
23.0
274.0
642.0
-134.0
-812.0
-755.0
-436.0
282.0
679.0
741.0
1447.0
1307.0
0.0
23.0
318.0
-994.0
-1482.0
-585.0
-567.0
71.0
1219.0
1574.0
1622.0
1000.0
-629.0
-1540.0
-721.0
-100.0
277.0
867.0
1016.0
1055.0
1151.0
141.0
-1092.0
-1200.0
-1121.0
-989.0
263.0
960.0
888.0
765.0
17.0
-283.0
200.0
547.0
291.0
275.0
661.0
874.0
270.0
-765.0
-1079.0
-673.0
-781.0
11.0
842.0
777.0
981.0
1347.0
823.0
119.0
-841.0
-1372.0
-877.0
-110.0
592.0
1722.0
1655.0
167.0
-413.0
-404.0
-648.0
-833.0
-633.0
-82.0
725.0
1263.0
922.0
1001.0
484.0
-519.0
-745.0
-342.0
23.0
236.0
468.0
586.0
267.0
-270.0
-309.0
-573.0
-897.0
-503.0
175.0
1503.0
2163.0
1440.0
604.0
-8.0
-933.0
-1714.0
-1228.0
-356.0
428.0
1007.0
1386.0
1256.0
54.0
-1041.0
-899.0
-317.0
282.0
807.0
805.0
1050.0
1093.0
39.0
-516.0
-573.0
-1131.0
-1052.0
-118.0
391.0
929.0
1095.0
389.0
-487.0
-229.0
597.0
441.0
551.0
1191.0
878.0
536.0
547.0
-788.0
-1739.0
-1336.0
-1054.0
-536.0
455.0
1110.0
1329.0
1574.0
1255.0
123.0
-1209.0
-1133.0
-281.0
-64.0
269.0
866.0
754.0
47.0
-482.0
-285.0
349.0
-42.0
-265.0
50.0
300.0
926.0
1255.0
1361.0
955.0
59.0
-748.0
-354.0
80.0
-393.0
-457.0
130.0
-132.0
-765.0
-738.0
-534.0
164.0
694.0
468.0
1181.0
1595.0
370.0
-196.0
-26.0
-892.0
-1376.0
-615.0
-134.0
134.0
849.0
1282.0
1260.0
1353.0
643.0
-758.0
-710.0
-145.0
69.0
771.0
1284.0
731.0
186.0
-327.0
-1038.0
-1070.0
-1096.0
-1139.0
-521.0
-519.0
-745.0
-342.0
23.0
236.0
468.0
586.0
267.0
-270.0
-309.0
-573.0
-897.0
-503.0
175.0
1503.0
2163.0
1440.0
604.0
-8.0
-933.0
-1714.0
-1228.0
-356.0
428.0
1007.0
1386.0
1256.0
54.0
-1041.0
-899.0
-317.0
282.0
807.0
805.0
1050.0
1093.0
39.0
-516.0
-573.0
-1131.0
-1052.0
-118.0
391.0
929.0
1095.0
389.0
-487.0
-229.0
597.0
441.0
551.0
1191.0
878.0
536.0
547.0
-788.0
-1739.0
-1336.0
-1054.0
-536.0
455.0
1110.0
1329.0
1574.0
1255.0
123.0
-1209.0
-1133.0
-281.0
-64.0
269.0
866.0
754.0
47.0
-482.0
-285.0
349.0
-42.0
-265.0
50.0
300.0
926.0
1255.0
1361.0
955.0
59.0
-748.0
-354.0
80.0
-393.0
-457.0
130.0
-132.0
-765.0
-738.0
-534.0
164.0
694.0
468.0
1181.0
1595.0
370.0
-196.0
-26.0
-892.0
-1376.0
-615.0
-134.0
134.0
849.0
1282.0
1260.0
1353.0
643.0
-758.0
-710.0
-145.0
69.0
771.0
1284.0
731.0
186.0
-327.0
-1038.0
-1070.0
-1096.0
-1139.0
-521.0
940.0
1609.0
1402.0
1006.0
117.0
-668.0
-388.0
305.0
252.0
338.0
904.0
666.0
44.0
-669.0
-1254.0
-1008.0
-401.0
416.0
1000.0
1368.0
1122.0
1301.0
1151.0
384.0
-617.0
-1707.0
-1397.0
-588.0
250.0
1349.0
1223.0
48.0
-162.0
-288.0
-619.0
-337.0
-141.0
52.0
778.0
986.0
1076.0
696.0
433.0
-549.0
-1487.0
-164.0
420.0
228.0
1435.0
1040.0
-790.0
-1172.0
-259.0
-65.0
-373.0
207.0
1027.0
1173.0
1396.0
733.0
-324.0
-461.0
-694.0
-1602.0
-1239.0
-627.0
-33.0
1014.0
1782.0
1822.0
1066.0
92.0
-622.0
-634.0
-304.0
55.0
567.0
508.0
635.0
1180.0
231.0
-956.0
-1041.0
-1043.0
-903.0
475.0
1548.0
1600.0
1305.0
185.0
-756.0
-661.0
-288.0
-75.0
233.0
632.0
747.0
625.0
28.0
-1367.0
-1301.0
-489.0
-205.0
710.0
1580.0
1689.0
1573.0
1190.0
220.0
-1089.0
-2177.0
-1947.0
-976.0
253.0
1734.0
1635.0
533.0
451.0
177.0
-160.0
-161.0
-115.0
69.0
301.0
347.0
696.0
1040.0
984.0
940.0
1609.0
1402.0
1006.0
117.0
-668.0
-388.0
305.0
252.0
338.0
904.0
666.0
44.0
-669.0
-1254.0
-1008.0
-401.0
416.0
1000.0
1368.0
1122.0
1301.0
1151.0
384.0
-617.0
-1707.0
-1397.0
-588.0
250.0
1349.0
1223.0
48.0
-162.0
-288.0
-619.0
-337.0
-141.0
52.0
778.0
986.0
1076.0
696.0
433.0
-549.0
-1487.0
-164.0
420.0
228.0
1435.0
1040.0
-790.0
-1172.0
-259.0
-65.0
-373.0
207.0
1027.0
1173.0
1396.0
733.0
-324.0
-461.0
-694.0
-1602.0
-1239.0
-627.0
-33.0
1014.0
1782.0
1822.0
1066.0
92.0
-622.0
-634.0
-304.0
55.0
567.0
508.0
635.0
1180.0
231.0
-956.0
-1041.0
-1043.0
-903.0
475.0
1548.0
1600.0
1305.0
185.0
-756.0
-661.0
-288.0
-75.0
233.0
632.0
747.0
625.0
28.0
-1367.0
-1301.0
-489.0
-205.0
710.0
1580.0
1689.0
1573.0
1190.0
220.0
-1089.0
-2177.0
-1947.0
-976.0
253.0
1734.0
1635.0
533.0
451.0
177.0
-160.0
-161.0
-115.0
69.0
301.0
347.0
696.0
1040.0
984.0
-303.0
-1382.0
-721.0
-240.0
-556.0
-135.0
960.0
909.0
342.0
351.0
-126.0
-881.0
-632.0
-58.0
489.0
1611.0
1121.0
104.0
476.0
-295.0
-1901.0
-1527.0
-382.0
302.0
1410.0
1981.0
1763.0
1135.0
-382.0
-1264.0
-694.0
-327.0
-275.0
319.0
964.0
916.0
513.0
-215.0
-439.0
-560.0
-1301.0
-788.0
-19.0
1085.0
1782.0
1178.0
742.0
259.0
-847.0
-680.0
51.0
-2.0
224.0
793.0
613.0
340.0
-381.0
-1072.0
-1192.0
-184.0
880.0
1063.0
1089.0
1476.0
1230.0
513.0
-307.0
-1710.0
-2002.0
-1000.0
-305.0
451.0
1755.0
1709.0
322.0
-16.0
193.0
189.0
-238.0
-949.0
-948.0
148.0
1326.0
1682.0
1135.0
457.0
-332.0
-1163.0
-782.0
-12.0
-438.0
487.0
1433.0
212.0
-159.0
-64.0
-545.0
-496.0
-220.0
125.0
1148.0
1843.0
1083.0
-155.0
-1014.0
-1250.0
-1265.0
-314.0
570.0
1147.0
1841.0
1335.0
506.0
547.0
-352.0
-1120.0
-973.0
-731.0
72.0
769.0
207.0
878.0
1760.0
193.0
-996.0
-1381.0
-1030.0
-467.0
-303.0
-1382.0
-721.0
-240.0
-556.0
-135.0
960.0
909.0
342.0
351.0
-126.0
-881.0
-632.0
-58.0
489.0
1611.0
1121.0
104.0
476.0
-295.0
-1901.0
-1527.0
-382.0
302.0
1410.0
1981.0
1763.0
1135.0
-382.0
-1264.0
-694.0
-327.0
-275.0
319.0
964.0
916.0
513.0
-215.0
-439.0
-560.0
-1301.0
-788.0
-19.0
1085.0
1782.0
1178.0
742.0
259.0
-847.0
-680.0
51.0
-2.0
224.0
793.0
613.0
340.0
-381.0
-1072.0
-1192.0
-184.0
880.0
1063.0
1089.0
1476.0
