Gv1b1164_130
1
RAW_AUDIO_STREAM
1600
-519.0
-745.0
-342.0
23.0
236.0
468.0
586.0
267.0
-270.0
-309.0
-573.0
-897.0
-503.0
175.0
1503.0
2163.0
1440.0
604.0
-8.0
-933.0
-1714.0
-1228.0
-356.0
428.0
1007.0
1386.0
1256.0
54.0
-1041.0
-899.0
-317.0
282.0
807.0
805.0
1050.0
1093.0
39.0
-516.0
-573.0
-1131.0
-1052.0
-118.0
391.0
929.0
1095.0
389.0
-487.0
-229.0
597.0
441.0
551.0
1191.0
878.0
536.0
547.0
-788.0
-1739.0
-1336.0
-1054.0
-536.0
455.0
1110.0
1329.0
1574.0
1255.0
123.0
-1209.0
-1133.0
-281.0
-64.0
269.0
866.0
754.0
47.0
-482.0
-285.0
349.0
-42.0
-265.0
50.0
300.0
926.0
1255.0
1361.0
955.0
59.0
-748.0
-354.0
80.0
-393.0
-457.0
130.0
-132.0
-765.0
-738.0
-534.0
164.0
694.0
468.0
1181.0
1595.0
370.0
-196.0
-26.0
-892.0
-1376.0
-615.0
-134.0
134.0
849.0
1282.0
1260.0
1353.0
643.0
-758.0
-710.0
-145.0
69.0
771.0
1284.0
731.0
186.0
-327.0
-1038.0
-1070.0
-1096.0
-1139.0
-521.0
940.0
1609.0
1402.0
1006.0
117.0
-668.0
-388.0
305.0
252.0
338.0
904.0
666.0
44.0
-669.0
-1254.0
-1008.0
-401.0
416.0
1000.0
1368.0
1122.0
1301.0
1151.0
384.0
-617.0
-1707.0
-1397.0
-588.0
250.0
1349.0
1223.0
48.0
-162.0
-288.0
-619.0
-337.0
-141.0
52.0
778.0
986.0
1076.0
696.0
433.0
-549.0
-1487.0
-164.0
420.0
228.0
1435.0
1040.0
-790.0
-1172.0
-259.0
-65.0
-373.0
207.0
1027.0
1173.0
1396.0
733.0
-324.0
-461.0
-694.0
-1602.0
-1239.0
-627.0
-33.0
1014.0
1782.0
1822.0
1066.0
92.0
-622.0
-634.0
-304.0
55.0
567.0
508.0
635.0
1180.0
231.0
-956.0
-1041.0
-1043.0
-903.0
475.0
1548.0
1600.0
1305.0
185.0
-756.0
-661.0
-288.0
-75.0
233.0
632.0
747.0
625.0
28.0
-1367.0
-1301.0
-489.0
-205.0
710.0
1580.0
1689.0
1573.0
1190.0
220.0
-1089.0
-2177.0
-1947.0
-976.0
253.0
1734.0
1635.0
533.0
451.0
177.0
-160.0
-161.0
-115.0
69.0
301.0
347.0
696.0
1040.0
984.0
940.0
1609.0
1402.0
1006.0
117.0
-668.0
-388.0
305.0
252.0
338.0
904.0
666.0
44.0
-669.0
-1254.0
-1008.0
-401.0
416.0
1000.0
1368.0
1122.0
1301.0
1151.0
384.0
-617.0
-1707.0
-1397.0
-588.0
250.0
1349.0
1223.0
48.0
-162.0
-288.0
-619.0
-337.0
-141.0
52.0
778.0
986.0
1076.0
696.0
433.0
-549.0
-1487.0
-164.0
420.0
228.0
1435.0
1040.0
-790.0
-1172.0
-259.0
-65.0
-373.0
207.0
1027.0
1173.0
1396.0
733.0
-324.0
-461.0
-694.0
-1602.0
-1239.0
-627.0
-33.0
1014.0
1782.0
1822.0
1066.0
92.0
-622.0
-634.0
-304.0
55.0
567.0
508.0
635.0
1180.0
231.0
-956.0
-1041.0
-1043.0
-903.0
475.0
1548.0
1600.0
1305.0
185.0
-756.0
-661.0
-288.0
-75.0
233.0
632.0
747.0
625.0
28.0
-1367.0
-1301.0
-489.0
-205.0
710.0
1580.0
1689.0
1573.0
1190.0
220.0
-1089.0
-2177.0
-1947.0
-976.0
253.0
1734.0
1635.0
533.0
451.0
177.0
-160.0
-161.0
-115.0
69.0
301.0
347.0
696.0
1040.0
984.0
-303.0
-1382.0
-721.0
-240.0
-556.0
-135.0
960.0
909.0
342.0
351.0
-126.0
-881.0
-632.0
-58.0
489.0
1611.0
1121.0
104.0
476.0
-295.0
-1901.0
-1527.0
-382.0
302.0
1410.0
1981.0
1763.0
1135.0
-382.0
-1264.0
-694.0
-327.0
-275.0
319.0
964.0
916.0
513.0
-215.0
-439.0
-560.0
-1301.0
-788.0
-19.0
1085.0
1782.0
1178.0
742.0
259.0
-847.0
-680.0
51.0
-2.0
224.0
793.0
613.0
340.0
-381.0
-1072.0
-1192.0
-184.0
880.0
1063.0
1089.0
1476.0
1230.0
513.0
-307.0
-1710.0
-2002.0
-1000.0
-305.0
451.0
1755.0
1709.0
322.0
-16.0
193.0
189.0
-238.0
-949.0
-948.0
148.0
1326.0
1682.0
1135.0
457.0
-332.0
-1163.0
-782.0
-12.0
-438.0
487.0
1433.0
212.0
-159.0
-64.0
-545.0
-496.0
-220.0
125.0
1148.0
1843.0
1083.0
-155.0
-1014.0
-1250.0
-1265.0
-314.0
570.0
1147.0
1841.0
1335.0
506.0
547.0
-352.0
-1120.0
-973.0
-731.0
72.0
769.0
207.0
878.0
1760.0
193.0
-996.0
-1381.0
-1030.0
-467.0
-303.0
-1382.0
-721.0
-240.0
-556.0
-135.0
960.0
909.0
342.0
351.0
-126.0
-881.0
-632.0
-58.0
489.0
1611.0
1121.0
104.0
476.0
-295.0
-1901.0
-1527.0
-382.0
302.0
1410.0
1981.0
1763.0
1135.0
-382.0
-1264.0
-694.0
-327.0
-275.0
319.0
964.0
916.0
513.0
-215.0
-439.0
-560.0
-1301.0
-788.0
-19.0
1085.0
1782.0
1178.0
742.0
259.0
-847.0
-680.0
51.0
-2.0
224.0
793.0
613.0
340.0
-381.0
-1072.0
-1192.0
-184.0
880.0
1063.0
1089.0
1476.0
1230.0
513.0
-307.0
-1710.0
-2002.0
-1000.0
-305.0
451.0
1755.0
1709.0
322.0
-16.0
193.0
189.0
-238.0
-949.0
-948.0
148.0
1326.0
1682.0
1135.0
457.0
-332.0
-1163.0
-782.0
-12.0
-438.0
487.0
1433.0
212.0
-159.0
-64.0
-545.0
-496.0
-220.0
125.0
1148.0
1843.0
1083.0
-155.0
-1014.0
-1250.0
-1265.0
-314.0
570.0
1147.0
1841.0
1335.0
506.0
547.0
-352.0
-1120.0
-973.0
-731.0
72.0
769.0
207.0
878.0
1760.0
193.0
-996.0
-1381.0
-1030.0
-467.0
580.0
1875.0
1879.0
371.0
-1049.0
-986.0
-267.0
-51.0
-250.0
356.0
1187.0
1150.0
876.0
604.0
-603.0
-1217.0
-893.0
-864.0
-140.0
618.0
1165.0
2072.0
2085.0
741.0
-636.0
-2183.0
-2365.0
-1024.0
-113.0
889.0
1892.0
1208.0
779.0
586.0
127.0
-383.0
-1198.0
-806.0
446.0
690.0
223.0
543.0
1318.0
1024.0
137.0
-98.0
-20.0
-116.0
-262.0
59.0
-37.0
-405.0
-125.0
-175.0
-810.0
-337.0
423.0
151.0
1013.0
2379.0
992.0
-576.0
-569.0
-1017.0
-1338.0
-453.0
30.0
449.0
1298.0
1302.0
1127.0
760.0
-296.0
-901.0
-797.0
-74.0
214.0
116.0
443.0
959.0
1142.0
782.0
-290.0
-1162.0
-1465.0
-1781.0
-22.0
1595.0
1360.0
1054.0
141.0
-762.0
-61.0
236.0
-510.0
-324.0
906.0
1332.0
1115.0
730.0
-95.0
-737.0
-1104.0
-1135.0
-440.0
571.0
998.0
1361.0
1864.0
1153.0
-687.0
-1674.0
-1359.0
-1124.0
-609.0
699.0
1886.0
1476.0
303.0
-479.0
-356.0
28.0
-270.0
-420.0
111.0
455.0
390.0
796.0
580.0
1875.0
1879.0
371.0
-1049.0
-986.0
-267.0
-51.0
-250.0
356.0
1187.0
1150.0
876.0
604.0
-603.0
-1217.0
-893.0
-864.0
-140.0
618.0
1165.0
2072.0
2085.0
741.0
-636.0
-2183.0
-2365.0
-1024.0
-113.0
889.0
1892.0
1208.0
779.0
586.0
127.0
-383.0
-1198.0
-806.0
446.0
690.0
223.0
543.0
1318.0
1024.0
137.0
-98.0
-20.0
-116.0
-262.0
59.0
-37.0
-405.0
-125.0
-175.0
-810.0
-337.0
423.0
151.0
1013.0
2379.0
992.0
-576.0
-569.0
-1017.0
-1338.0
-453.0
30.0
449.0
1298.0
1302.0
1127.0
760.0
-296.0
-901.0
-797.0
-74.0
214.0
116.0
443.0
959.0
1142.0
782.0
-290.0
-1162.0
-1465.0
-1781.0
-22.0
1595.0
1360.0
1054.0
141.0
-762.0
-61.0
236.0
-510.0
-324.0
906.0
1332.0
1115.0
730.0
-95.0
-737.0
-1104.0
-1135.0
-440.0
571.0
998.0
1361.0
1864.0
1153.0
-687.0
-1674.0
-1359.0
-1124.0
-609.0
699.0
1886.0
1476.0
303.0
-479.0
-356.0
28.0
-270.0
-420.0
111.0
455.0
390.0
796.0
940.0
429.0
-185.0
-599.0
-461.0
176.0
458.0
124.0
141.0
591.0
233.0
-707.0
-896.0
-10.0
455.0
309.0
885.0
1687.0
1386.0
22.0
-627.0
-785.0
-1537.0
-2052.0
-891.0
781.0
1532.0
1663.0
1803.0
1137.0
-168.0
-855.0
-957.0
-942.0
-269.0
92.0
132.0
1622.0
2232.0
377.0
-682.0
-902.0
-1568.0
-971.0
515.0
992.0
1525.0
1381.0
-491.0
-1039.0
35.0
-25.0
-549.0
155.0
1187.0
936.0
808.0
356.0
-969.0
-1070.0
-1108.0
-863.0
589.0
1235.0
1024.0
1116.0
1462.0
1084.0
-501.0
-1741.0
-1314.0
-761.0
-500.0
597.0
1536.0
990.0
634.0
173.0
-119.0
-120.0
-136.0
-12.0
-170.0
74.0
700.0
1094.0
923.0
211.0
-926.0
-2571.0
-892.0
430.0
511.0
1772.0
981.0
-18.0
-237.0
-389.0
-872.0
-389.0
184.0
449.0
1481.0
2272.0
1125.0
67.0
-397.0
-1464.0
-2154.0
-1431.0
-693.0
464.0
2008.0
2109.0
1762.0
1371.0
-504.0
-1569.0
-654.0
-349.0
-644.0
-81.0
785.0
1426.0
1082.0
68.0
-497.0
-913.0
940.0
429.0
-185.0
-599.0
-461.0
176.0
458.0
124.0
141.0
591.0
233.0
-707.0
-896.0
-10.0
455.0
309.0
885.0
1687.0
1386.0
22.0
-627.0
-785.0
-1537.0
-2052.0
-891.0
781.0
1532.0
1663.0
1803.0
1137.0
-168.0
-855.0
-957.0
-942.0
-269.0
92.0
132.0
1622.0
2232.0
377.0
-682.0
-902.0
-1568.0
-971.0
515.0
992.0
1525.0
1381.0
-491.0
-1039.0
35.0
-25.0
-549.0
155.0
1187.0
936.0
808.0
356.0
-969.0
-1070.0
-1108.0
-863.0
589.0
1235.0
1024.0
1116.0
1462.0
1084.0
-501.0
-1741.0
-1314.0
-761.0
-500.0
597.0
1536.0
990.0
634.0
173.0
-119.0
-120.0
-136.0
-12.0
-170.0
74.0
700.0
1094.0
923.0
211.0
-926.0
-2571.0
-892.0
430.0
511.0
1772.0
981.0
-18.0
-237.0
-389.0
-872.0
-389.0
184.0
449.0
1481.0
2272.0
1125.0
67.0
-397.0
-1464.0
-2154.0
-1431.0
-693.0
464.0
2008.0
2109.0
1762.0
1371.0
-504.0
-1569.0
-654.0
-349.0
-644.0
-81.0
785.0
1426.0
1082.0
68.0
-497.0
-913.0
-1054.0
-162.0
463.0
740.0
1261.0
681.0
-569.0
-356.0
464.0
453.0
136.0
-53.0
211.0
436.0
730.0
541.0
-355.0
-1252.0
-1317.0
-520.0
428.0
1345.0
1410.0
686.0
1206.0
1497.0
-558.0
-1990.0
-1607.0
-1363.0
-601.0
768.0
1434.0
1453.0
725.0
118.0
522.0
746.0
-266.0
-974.0
-409.0
715.0
903.0
368.0
952.0
813.0
-642.0
-1068.0
-489.0
-104.0
51.0
807.0
1008.0
63.0
-213.0
-27.0
-768.0
-806.0
239.0
-210.0
-518.0
1263.0
1669.0
738.0
491.0
-267.0
-1292.0
-908.0
-487.0
-366.0
681.0
1734.0
1788.0
1123.0
701.0
-142.0
-1014.0
-928.0
-510.0
-426.0
185.0
1306.0
1605.0
501.0
71.0
-327.0
-1266.0
-1318.0
-432.0
596.0
1212.0
955.0
-67.0
-1186.0
-716.0
562.0
829.0
168.0
-22.0
551.0
687.0
680.0
477.0
-422.0
-863.0
-575.0
-243.0
276.0
928.0
1542.0
1752.0
1342.0
22.0
-1676.0
-2301.0
-1671.0
-856.0
205.0
1514.0
1702.0
1137.0
931.0
527.0
-102.0
-532.0
-854.0
-855.0
-743.0
-1054.0
-162.0
463.0
740.0
1261.0
681.0
-569.0
-356.0
464.0
453.0
136.0
-53.0
211.0
436.0
730.0
541.0
-355.0
-1252.0
-1317.0
-520.0
428.0
1345.0
1410.0
686.0
1206.0
1497.0
-558.0
-1990.0
-1607.0
-1363.0
-601.0
768.0
1434.0
1453.0
725.0
118.0
522.0
746.0
-266.0
-974.0
-409.0
715.0
903.0
368.0
952.0
813.0
-642.0
-1068.0
-489.0
-104.0
51.0
807.0
1008.0
63.0
-213.0
-27.0
-768.0
-806.0
239.0
-210.0
-518.0
1263.0
1669.0
738.0
491.0
-267.0
-1292.0
-908.0
-487.0
-366.0
681.0
1734.0
1788.0
1123.0
701.0
-142.0
-1014.0
-928.0
-510.0
-426.0
185.0
1306.0
1605.0
501.0
71.0
-327.0
-1266.0
-1318.0
-432.0
596.0
1212.0
955.0
-67.0
-1186.0
-716.0
562.0
829.0
168.0
-22.0
551.0
687.0
680.0
477.0
-422.0
-863.0
-575.0
-243.0
276.0
928.0
1542.0
1752.0
1342.0
22.0
-1676.0
-2301.0
-1671.0
-856.0
205.0
1514.0
1702.0
1137.0
931.0
527.0
-102.0
-532.0
-854.0
-855.0
-743.0
147.0
723.0
828.0
1423.0
1210.0
-537.0
-917.0
314.0
568.0
162.0
841.0
1051.0
-498.0
-1369.0
-409.0
-36.0
-548.0
-94.0
607.0
1407.0
1972.0
720.0
-531.0
-231.0
-843.0
-1577.0
-632.0
-320.0
203.0
938.0
1023.0
1014.0
663.0
-193.0
-277.0
31.0
-245.0
-103.0
54.0
514.0
1426.0
1915.0
831.0
-384.0
-748.0
-1947.0
-1976.0
-165.0
818.0
1300.0
1400.0
498.0
-44.0
-388.0
-730.0
-475.0
45.0
950.0
1044.0
986.0
898.0
-306.0
-836.0
-859.0
-1408.0
-642.0
339.0
340.0
1546.0
2207.0
1119.0
938.0
70.0
-1773.0
-2034.0
-1253.0
-244.0
1142.0
1664.0
1100.0
504.0
172.0
230.0
-162.0
-814.0
-696.0
-593.0
-278.0
708.0
1411.0
1837.0
815.0
-785.0
-1045.0
-21.0
393.0
150.0
268.0
235.0
-377.0
-438.0
-194.0
-373.0
-371.0
41.0
349.0
1057.0
1682.0
889.0
-215.0
-156.0
-165.0
-602.0
-628.0
-461.0
276.0
859.0
835.0
911.0
1034.0
416.0
-649.0
-1230.0
-456.0
267.0
113.0
239.0
731.0
147.0
723.0
828.0
1423.0
1210.0
-537.0
-917.0
314.0
568.0
162.0
841.0
1051.0
-498.0
-1369.0
-409.0
-36.0
-548.0
-94.0
607.0
1407.0
1972.0
720.0
-531.0
-231.0
-843.0
-1577.0
-632.0
-320.0
203.0
938.0
1023.0
1014.0
663.0
-193.0
-277.0
31.0
-245.0
-103.0
54.0
514.0
1426.0
1915.0
831.0
-384.0
-748.0
-1947.0
-1976.0
-165.0
818.0
1300.0
1400.0
498.0
-44.0
-388.0
-730.0
-475.0
45.0
950.0
1044.0
986.0
898.0
-306.0
-836.0
-859.0
