Gv1b1164_112
1
RAW_AUDIO_STREAM
1600
-24.0
-208.0
-273.0
-148.0
-61.0
277.0
674.0
699.0
533.0
316.0
108.0
44.0
43.0
66.0
150.0
161.0
-80.0
-269.0
-298.0
-212.0
-102.0
140.0
264.0
421.0
654.0
720.0
650.0
323.0
-182.0
-535.0
-538.0
-338.0
-6.0
417.0
694.0
668.0
438.0
179.0
-100.0
-280.0
-186.0
47.0
320.0
523.0
525.0
416.0
223.0
26.0
-201.0
-250.0
-229.0
-285.0
-141.0
117.0
231.0
212.0
146.0
288.0
441.0
532.0
542.0
384.0
65.0
-225.0
-289.0
-312.0
-244.0
10.0
307.0
547.0
575.0
490.0
343.0
53.0
8.0
-2.0
43.0
119.0
158.0
251.0
175.0
50.0
-180.0
-316.0
-276.0
-142.0
161.0
368.0
524.0
615.0
382.0
181.0
56.0
-43.0
-32.0
148.0
216.0
235.0
242.0
127.0
39.0
-99.0
-195.0
-159.0
27.0
352.0
638.0
652.0
433.0
80.0
-325.0
-510.0
-372.0
-52.0
301.0
561.0
517.0
305.0
204.0
149.0
-44.0
-31.0
-16.0
4.0
284.0
486.0
458.0
351.0
243.0
42.0
-92.0
-180.0
-152.0
105.0
146.0
75.0
48.0
61.0
21.0
63.0
274.0
354.0
354.0
236.0
57.0
-115.0
-260.0
-286.0
-81.0
225.0
491.0
673.0
691.0
463.0
199.0
31.0
-227.0
-362.0
-281.0
-20.0
300.0
588.0
660.0
333.0
-100.0
-362.0
-354.0
-244.0
112.0
419.0
402.0
412.0
335.0
102.0
-57.0
-26.0
84.0
120.0
325.0
286.0
64.0
38.0
-8.0
-16.0
-8.0
41.0
154.0
374.0
418.0
236.0
81.0
-77.0
-124.0
-92.0
-9.0
173.0
393.0
377.0
322.0
432.0
250.0
29.0
-44.0
-205.0
-61.0
-52.0
175.0
313.0
202.0
329.0
135.0
-7.0
149.0
212.0
265.0
185.0
24.0
-22.0
-84.0
-109.0
-161.0
0.0
262.0
524.0
628.0
467.0
187.0
-144.0
-298.0
-406.0
-154.0
225.0
425.0
613.0
708.0
573.0
182.0
-175.0
-391.0
-498.0
-302.0
93.0
476.0
683.0
598.0
311.0
-34.0
-232.0
-320.0
-239.0
-31.0
192.0
356.0
369.0
373.0
309.0
243.0
42.0
-92.0
-180.0
-152.0
105.0
146.0
75.0
48.0
61.0
21.0
63.0
274.0
354.0
354.0
236.0
57.0
-115.0
-260.0
-286.0
-81.0
225.0
491.0
673.0
691.0
463.0
199.0
31.0
-227.0
-362.0
-281.0
-20.0
300.0
588.0
660.0
333.0
-100.0
-362.0
-354.0
-244.0
112.0
419.0
402.0
412.0
335.0
102.0
-57.0
-26.0
84.0
120.0
325.0
286.0
64.0
38.0
-8.0
-16.0
-8.0
41.0
154.0
374.0
418.0
236.0
81.0
-77.0
-124.0
-92.0
-9.0
173.0
393.0
377.0
322.0
432.0
250.0
29.0
-44.0
-205.0
-61.0
-52.0
175.0
313.0
202.0
329.0
135.0
-7.0
149.0
212.0
265.0
185.0
24.0
-22.0
-84.0
-109.0
-161.0
0.0
262.0
524.0
628.0
467.0
187.0
-144.0
-298.0
-406.0
-154.0
225.0
425.0
613.0
708.0
573.0
182.0
-175.0
-391.0
-498.0
-302.0
93.0
476.0
683.0
598.0
311.0
-34.0
-232.0
-320.0
-239.0
-31.0
192.0
356.0
369.0
373.0
309.0
324.0
376.0
340.0
378.0
284.0
-37.0
-213.0
-321.0
-399.0
-308.0
-84.0
155.0
403.0
666.0
706.0
527.0
154.0
-318.0
-457.0
-424.0
-137.0
342.0
563.0
577.0
502.0
278.0
-52.0
-155.0
-164.0
-73.0
110.0
322.0
495.0
500.0
359.0
200.0
-52.0
-100.0
-50.0
-10.0
100.0
127.0
102.0
-5.0
-113.0
-133.0
-54.0
233.0
546.0
644.0
572.0
469.0
229.0
-95.0
-395.0
-512.0
-401.0
-93.0
253.0
583.0
666.0
566.0
333.0
55.0
-133.0
-192.0
-94.0
127.0
361.0
506.0
521.0
218.0
-112.0
-247.0
-301.0
-281.0
-11.0
286.0
315.0
342.0
386.0
376.0
270.0
217.0
290.0
308.0
262.0
57.0
-50.0
-138.0
-376.0
-366.0
-194.0
-13.0
368.0
699.0
714.0
639.0
304.0
-165.0
-368.0
-357.0
-140.0
150.0
395.0
533.0
447.0
242.0
31.0
-68.0
-88.0
-93.0
17.0
122.0
263.0
561.0
716.0
464.0
125.0
-90.0
-338.0
-381.0
-259.0
-108.0
92.0
192.0
254.0
254.0
324.0
376.0
340.0
378.0
284.0
-37.0
-213.0
-321.0
-399.0
-308.0
-84.0
155.0
403.0
666.0
706.0
527.0
154.0
-318.0
-457.0
-424.0
-137.0
342.0
563.0
577.0
502.0
278.0
-52.0
-155.0
-164.0
-73.0
110.0
322.0
495.0
500.0
359.0
200.0
-52.0
-100.0
-50.0
-10.0
100.0
127.0
102.0
-5.0
-113.0
-133.0
-54.0
233.0
546.0
644.0
572.0
469.0
229.0
-95.0
-395.0
-512.0
-401.0
-93.0
253.0
583.0
666.0
566.0
333.0
55.0
-133.0
-192.0
-94.0
127.0
361.0
506.0
521.0
218.0
-112.0
-247.0
-301.0
-281.0
-11.0
286.0
315.0
342.0
386.0
376.0
270.0
217.0
290.0
308.0
262.0
57.0
-50.0
-138.0
-376.0
-366.0
-194.0
-13.0
368.0
699.0
714.0
639.0
304.0
-165.0
-368.0
-357.0
-140.0
150.0
395.0
533.0
447.0
242.0
31.0
-68.0
-88.0
-93.0
17.0
122.0
263.0
561.0
716.0
464.0
125.0
-90.0
-338.0
-381.0
-259.0
-108.0
92.0
192.0
254.0
254.0
244.0
253.0
343.0
447.0
508.0
501.0
239.0
-93.0
-295.0
-518.0
-554.0
-268.0
155.0
590.0
894.0
837.0
537.0
187.0
-182.0
-350.0
-221.0
-47.0
148.0
361.0
434.0
274.0
-32.0
-224.0
-202.0
-70.0
115.0
262.0
299.0
245.0
190.0
316.0
330.0
250.0
289.0
331.0
293.0
157.0
-106.0
-286.0
-351.0
-344.0
-241.0
-24.0
275.0
543.0
768.0
870.0
665.0
130.0
-310.0
-586.0
-628.0
-433.0
-25.0
400.0
742.0
882.0
675.0
261.0
-38.0
-264.0
-300.0
-75.0
178.0
416.0
569.0
468.0
234.0
-10.0
-266.0
-375.0
-192.0
-40.0
113.0
403.0
408.0
284.0
177.0
42.0
78.0
186.0
284.0
403.0
331.0
85.0
-196.0
-276.0
-297.0
-140.0
25.0
288.0
524.0
554.0
527.0
435.0
221.0
-49.0
-277.0
-243.0
-121.0
129.0
423.0
550.0
421.0
36.0
-73.0
-165.0
-229.0
52.0
370.0
420.0
409.0
339.0
126.0
-1.0
-22.0
35.0
137.0
198.0
217.0
251.0
74.0
-251.0
244.0
253.0
343.0
447.0
508.0
501.0
239.0
-93.0
-295.0
-518.0
-554.0
-268.0
155.0
590.0
894.0
837.0
537.0
187.0
-182.0
-350.0
-221.0
-47.0
148.0
361.0
434.0
274.0
-32.0
-224.0
-202.0
-70.0
115.0
262.0
299.0
245.0
190.0
316.0
330.0
250.0
289.0
331.0
293.0
157.0
-106.0
-286.0
-351.0
-344.0
-241.0
-24.0
275.0
543.0
768.0
870.0
665.0
130.0
-310.0
-586.0
-628.0
-433.0
-25.0
400.0
742.0
882.0
675.0
261.0
-38.0
-264.0
-300.0
-75.0
178.0
416.0
569.0
468.0
234.0
-10.0
-266.0
-375.0
-192.0
-40.0
113.0
403.0
408.0
284.0
177.0
42.0
78.0
186.0
284.0
403.0
331.0
85.0
-196.0
-276.0
-297.0
-140.0
25.0
288.0
524.0
554.0
527.0
435.0
221.0
-49.0
-277.0
-243.0
-121.0
129.0
423.0
550.0
421.0
36.0
-73.0
-165.0
-229.0
52.0
370.0
420.0
409.0
339.0
126.0
-1.0
-22.0
35.0
137.0
198.0
217.0
251.0
74.0
-251.0
-364.0
-261.0
-57.0
253.0
638.0
847.0
771.0
475.0
-1.0
-538.0
-817.0
-638.0
-209.0
353.0
871.0
934.0
673.0
359.0
49.0
-175.0
-281.0
-208.0
-1.0
265.0
455.0
467.0
442.0
277.0
1.0
-184.0
-211.0
-97.0
-138.0
52.0
211.0
212.0
201.0
143.0
128.0
130.0
160.0
253.0
329.0
357.0
264.0
16.0
-297.0
-256.0
-125.0
29.0
452.0
738.0
534.0
323.0
202.0
-217.0
-470.0
-368.0
-56.0
335.0
544.0
587.0
447.0
174.0
-156.0
-324.0
-225.0
-93.0
158.0
354.0
406.0
367.0
216.0
72.0
-16.0
122.0
243.0
294.0
455.0
302.0
89.0
-74.0
-254.0
-165.0
-226.0
-39.0
203.0
302.0
500.0
553.0
380.0
20.0
-188.0
-396.0
-455.0
-92.0
265.0
563.0
648.0
636.0
440.0
103.0
-176.0
-297.0
-247.0
-102.0
317.0
607.0
569.0
591.0
280.0
69.0
-95.0
-238.0
-179.0
-144.0
-51.0
47.0
19.0
-33.0
-137.0
-3.0
380.0
639.0
707.0
549.0
326.0
-90.0
-364.0
-261.0
-57.0
253.0
638.0
847.0
771.0
475.0
-1.0
-538.0
-817.0
-638.0
-209.0
353.0
871.0
934.0
673.0
359.0
49.0
-175.0
-281.0
-208.0
-1.0
265.0
455.0
467.0
442.0
277.0
1.0
-184.0
-211.0
-97.0
-138.0
52.0
211.0
212.0
201.0
143.0
128.0
130.0
160.0
253.0
329.0
357.0
264.0
16.0
-297.0
-256.0
-125.0
29.0
452.0
738.0
534.0
323.0
202.0
-217.0
-470.0
-368.0
-56.0
335.0
544.0
587.0
447.0
174.0
-156.0
-324.0
-225.0
-93.0
158.0
354.0
406.0
367.0
216.0
72.0
-16.0
122.0
243.0
294.0
455.0
302.0
89.0
-74.0
-254.0
-165.0
-226.0
-39.0
203.0
302.0
500.0
553.0
380.0
20.0
-188.0
-396.0
-455.0
-92.0
265.0
563.0
648.0
636.0
440.0
103.0
-176.0
-297.0
-247.0
-102.0
317.0
607.0
569.0
591.0
280.0
69.0
-95.0
-238.0
-179.0
-144.0
-51.0
47.0
19.0
-33.0
-137.0
-3.0
380.0
639.0
707.0
549.0
326.0
-90.0
-359.0
-392.0
-211.0
35.0
278.0
468.0
639.0
405.0
62.0
164.0
78.0
-11.0
127.0
85.0
331.0
450.0
500.0
378.0
-2.0
-353.0
-495.0
-409.0
-156.0
196.0
247.0
277.0
355.0
301.0
341.0
323.0
233.0
169.0
195.0
119.0
89.0
155.0
15.0
-150.0
-285.0
-235.0
-42.0
270.0
629.0
818.0
695.0
374.0
-12.0
-435.0
-559.0
-200.0
148.0
454.0
684.0
527.0
249.0
-61.0
-308.0
-313.0
-256.0
-84.0
257.0
507.0
514.0
516.0
392.0
97.0
32.0
21.0
-20.0
-20.0
-66.0
12.0
-1.0
-58.0
3.0
75.0
159.0
432.0
667.0
786.0
675.0
453.0
51.0
-463.0
-641.0
-475.0
-296.0
14.0
321.0
545.0
611.0
474.0
174.0
-113.0
-279.0
-315.0
-29.0
374.0
637.0
676.0
559.0
155.0
-254.0
-426.0
-427.0
-228.0
207.0
411.0
539.0
556.0
405.0
247.0
131.0
227.0
260.0
199.0
168.0
-7.0
-196.0
-313.0
-422.0
-317.0
-176.0
102.0
343.0
578.0
734.0
602.0
-359.0
-392.0
-211.0
35.0
278.0
468.0
639.0
405.0
62.0
164.0
78.0
-11.0
127.0
85.0
331.0
450.0
500.0
378.0
-2.0
-353.0
-495.0
-409.0
-156.0
196.0
247.0
277.0
355.0
301.0
341.0
323.0
233.0
169.0
195.0
119.0
89.0
155.0
15.0
-150.0
-285.0
-235.0
-42.0
270.0
629.0
818.0
695.0
374.0
-12.0
-435.0
-559.0
-200.0
148.0
454.0
684.0
527.0
249.0
-61.0
-308.0
-313.0
-256.0
-84.0
257.0
507.0
514.0
516.0
392.0
97.0
32.0
21.0
-20.0
-20.0
-66.0
12.0
-1.0
-58.0
3.0
75.0
159.0
432.0
667.0
786.0
675.0
453.0
51.0
-463.0
-641.0
-475.0
-296.0
14.0
321.0
545.0
611.0
474.0
174.0
-113.0
-279.0
-315.0
-29.0
374.0
637.0
676.0
559.0
155.0
-254.0
-426.0
-427.0
-228.0
207.0
411.0
539.0
556.0
405.0
247.0
131.0
227.0
260.0
199.0
168.0
-7.0
-196.0
-313.0
-422.0
-317.0
-176.0
102.0
343.0
578.0
734.0
602.0
324.0
-4.0
-210.0
-359.0
-252.0
32.0
259.0
441.0
476.0
395.0
162.0
46.0
-60.0
-150.0
83.0
309.0
496.0
676.0
553.0
264.0
57.0
-166.0
-317.0
-220.0
-98.0
-26.0
87.0
88.0
42.0
61.0
20.0
59.0
291.0
448.0
516.0
564.0
316.0
-1.0
-245.0
-541.0
-570.0
-242.0
182.0
653.0
1051.0
931.0
639.0
256.0
-157.0
-239.0
-249.0
-190.0
-28.0
172.0
213.0
214.0
122.0
-55.0
-138.0
-118.0
-6.0
258.0
416.0
407.0
252.0
124.0
75.0
38.0
146.0
214.0
338.0
259.0
59.0
-41.0
-177.0
-190.0
-79.0
93.0
301.0
457.0
504.0
580.0
572.0
191.0
-153.0
-448.0
-622.0
-481.0
-25.0
458.0
731.0
806.0
672.0
298.0
-68.0
-243.0
-302.0
-165.0
25.0
244.0
407.0
391.0
237.0
43.0
-96.0
-59.0
-12.0
77.0
298.0
293.0
302.0
143.0
-43.0
-66.0
-33.0
86.0
368.0
655.0
643.0
379.0
96.0
-221.0
-440.0
-464.0
-206.0
-3.0
183.0
518.0
324.0
-4.0
-210.0
-359.0
-252.0
32.0
259.0
441.0
476.0
395.0
162.0
46.0
-60.0
-150.0
83.0
309.0
496.0
676.0
553.0
264.0
57.0
-166.0
-317.0
-220.0
-98.0
-26.0
87.0
88.0
42.0
61.0
20.0
59.0
291.0
448.0
516.0
564.0
316.0
-1.0
-245.0
-541.0
-570.0
-242.0
182.0
653.0
1051.0
931.0
639.0
256.0
-157.0
-239.0
-249.0
-190.0
-28.0
172.0
213.0
214.0
122.0
-55.0
-138.0
-118.0
-6.0
258.0
416.0
407.0
