Gv1b1164_109
1
RAW_AUDIO_STREAM
1600
216.0
-47.0
-41.0
-238.0
-235.0
-194.0
35.0
279.0
483.0
639.0
568.0
446.0
251.0
10.0
-106.0
-168.0
-36.0
143.0
305.0
493.0
479.0
277.0
41.0
-176.0
-261.0
-182.0
18.0
183.0
293.0
333.0
232.0
139.0
181.0
189.0
170.0
157.0
77.0
-4.0
-52.0
-26.0
-60.0
-84.0
35.0
177.0
312.0
393.0
555.0
566.0
413.0
272.0
7.0
-185.0
-298.0
-207.0
-7.0
183.0
470.0
557.0
480.0
322.0
43.0
-141.0
-269.0
-298.0
-147.0
53.0
267.0
451.0
474.0
302.0
143.0
15.0
-148.0
-163.0
-82.0
26.0
264.0
393.0
384.0
282.0
103.0
32.0
40.0
189.0
318.0
390.0
318.0
92.0
-63.0
-229.0
-230.0
-78.0
95.0
231.0
415.0
500.0
376.0
259.0
94.0
-37.0
-160.0
-158.0
-46.0
-37.0
131.0
336.0
358.0
333.0
188.0
26.0
-94.0
-32.0
187.0
351.0
376.0
348.0
236.0
124.0
149.0
186.0
159.0
191.0
229.0
124.0
54.0
-15.0
-142.0
-238.0
-227.0
-92.0
99.0
378.0
515.0
549.0
509.0
255.0
-40.0
-359.0
-475.0
-350.0
-58.0
347.0
639.0
754.0
655.0
404.0
181.0
-3.0
-171.0
-206.0
-142.0
31.0
220.0
361.0
445.0
376.0
282.0
123.0
-68.0
-132.0
-216.0
-193.0
-58.0
37.0
107.0
149.0
153.0
171.0
250.0
294.0
268.0
268.0
219.0
86.0
-2.0
-41.0
-8.0
18.0
117.0
347.0
564.0
611.0
578.0
387.0
157.0
-60.0
-297.0
-311.0
-147.0
-27.0
227.0
335.0
250.0
94.0
-115.0
-297.0
-207.0
16.0
232.0
398.0
445.0
367.0
185.0
108.0
104.0
165.0
263.0
313.0
403.0
366.0
276.0
89.0
-145.0
-254.0
-274.0
-97.0
113.0
310.0
435.0
479.0
443.0
232.0
-5.0
-209.0
-287.0
-225.0
-57.0
236.0
444.0
521.0
411.0
226.0
41.0
-78.0
-162.0
-172.0
-120.0
97.0
346.0
550.0
585.0
521.0
370.0
155.0
-13.0
-167.0
-223.0
-177.0
-15.0
133.0
109.0
30.0
-28.0
13.0
201.0
409.0
-227.0
-92.0
99.0
378.0
515.0
549.0
509.0
255.0
-40.0
-359.0
-475.0
-350.0
-58.0
347.0
639.0
754.0
655.0
404.0
181.0
-3.0
-171.0
-206.0
-142.0
31.0
220.0
361.0
445.0
376.0
282.0
123.0
-68.0
-132.0
-216.0
-193.0
-58.0
37.0
107.0
149.0
153.0
171.0
250.0
294.0
268.0
268.0
219.0
86.0
-2.0
-41.0
-8.0
18.0
117.0
347.0
564.0
611.0
578.0
387.0
157.0
-60.0
-297.0
-311.0
-147.0
-27.0
227.0
335.0
250.0
94.0
-115.0
-297.0
-207.0
16.0
232.0
398.0
445.0
367.0
185.0
108.0
104.0
165.0
263.0
313.0
403.0
366.0
276.0
89.0
-145.0
-254.0
-274.0
-97.0
113.0
310.0
435.0
479.0
443.0
232.0
-5.0
-209.0
-287.0
-225.0
-57.0
236.0
444.0
521.0
411.0
226.0
41.0
-78.0
-162.0
-172.0
-120.0
97.0
346.0
550.0
585.0
521.0
370.0
155.0
-13.0
-167.0
-223.0
-177.0
-15.0
133.0
109.0
30.0
-28.0
13.0
201.0
409.0
573.0
550.0
331.0
16.0
-225.0
-309.0
-272.0
-106.0
87.0
344.0
488.0
461.0
367.0
228.0
31.0
-101.0
-87.0
-76.0
115.0
327.0
452.0
500.0
385.0
158.0
-112.0
-340.0
-379.0
-132.0
63.0
214.0
391.0
420.0
373.0
384.0
273.0
138.0
45.0
-1.0
40.0
121.0
130.0
63.0
-68.0
-133.0
-128.0
-143.0
13.0
225.0
446.0
631.0
636.0
445.0
122.0
-137.0
-272.0
-336.0
-154.0
120.0
352.0
498.0
481.0
364.0
187.0
-11.0
-142.0
-152.0
-86.0
37.0
271.0
449.0
472.0
483.0
300.0
7.0
-171.0
-266.0
-172.0
-116.0
6.0
102.0
136.0
200.0
144.0
180.0
340.0
510.0
586.0
511.0
395.0
89.0
-248.0
-395.0
-453.0
-322.0
-84.0
206.0
518.0
558.0
567.0
474.0
158.0
-41.0
-258.0
-223.0
-30.0
254.0
435.0
503.0
341.0
-11.0
-375.0
-456.0
-352.0
-24.0
327.0
566.0
595.0
495.0
394.0
318.0
222.0
131.0
58.0
-1.0
36.0
-44.0
-121.0
-108.0
573.0
550.0
331.0
16.0
-225.0
-309.0
-272.0
-106.0
87.0
344.0
488.0
461.0
367.0
228.0
31.0
-101.0
-87.0
-76.0
115.0
327.0
452.0
500.0
385.0
158.0
-112.0
-340.0
-379.0
-132.0
63.0
214.0
391.0
420.0
373.0
384.0
273.0
138.0
45.0
-1.0
40.0
121.0
130.0
63.0
-68.0
-133.0
-128.0
-143.0
13.0
225.0
446.0
631.0
636.0
445.0
122.0
-137.0
-272.0
-336.0
-154.0
120.0
352.0
498.0
481.0
364.0
187.0
-11.0
-142.0
-152.0
-86.0
37.0
271.0
449.0
472.0
483.0
300.0
7.0
-171.0
-266.0
-172.0
-116.0
6.0
102.0
136.0
200.0
144.0
180.0
340.0
510.0
586.0
511.0
395.0
89.0
-248.0
-395.0
-453.0
-322.0
-84.0
206.0
518.0
558.0
567.0
474.0
158.0
-41.0
-258.0
-223.0
-30.0
254.0
435.0
503.0
341.0
-11.0
-375.0
-456.0
-352.0
-24.0
327.0
566.0
595.0
495.0
394.0
318.0
222.0
131.0
58.0
-1.0
36.0
-44.0
-121.0
-108.0
-177.0
-85.0
74.0
234.0
458.0
469.0
506.0
491.0
245.0
62.0
-190.0
-439.0
-412.0
-186.0
93.0
295.0
487.0
493.0
352.0
206.0
27.0
-18.0
-5.0
25.0
238.0
443.0
517.0
450.0
297.0
99.0
-143.0
-247.0
-348.0
-265.0
-77.0
88.0
299.0
338.0
260.0
93.0
8.0
58.0
176.0
496.0
450.0
504.0
223.0
-183.0
-284.0
-483.0
-213.0
-58.0
228.0
657.0
767.0
710.0
518.0
172.0
-164.0
-230.0
-220.0
-88.0
154.0
380.0
350.0
285.0
47.0
-222.0
-219.0
-120.0
127.0
250.0
270.0
290.0
207.0
249.0
249.0
195.0
229.0
214.0
178.0
163.0
20.0
-18.0
-114.0
-251.0
-169.0
11.0
205.0
438.0
606.0
574.0
477.0
281.0
-24.0
-271.0
-386.0
-314.0
-32.0
226.0
535.0
679.0
531.0
276.0
32.0
-142.0
-216.0
-78.0
60.0
158.0
283.0
329.0
276.0
188.0
34.0
-23.0
-93.0
-104.0
-65.0
22.0
195.0
321.0
245.0
162.0
90.0
96.0
236.0
439.0
-177.0
-85.0
74.0
234.0
458.0
469.0
506.0
491.0
245.0
62.0
-190.0
-439.0
-412.0
-186.0
93.0
295.0
487.0
493.0
352.0
206.0
27.0
-18.0
-5.0
25.0
238.0
443.0
517.0
450.0
297.0
99.0
-143.0
-247.0
-348.0
-265.0
-77.0
88.0
299.0
338.0
260.0
93.0
8.0
58.0
176.0
496.0
450.0
504.0
223.0
-183.0
-284.0
-483.0
-213.0
-58.0
228.0
657.0
767.0
710.0
518.0
172.0
-164.0
-230.0
-220.0
-88.0
154.0
380.0
350.0
285.0
47.0
-222.0
-219.0
-120.0
127.0
250.0
270.0
290.0
207.0
249.0
249.0
195.0
229.0
214.0
178.0
163.0
20.0
-18.0
-114.0
-251.0
-169.0
11.0
205.0
438.0
606.0
574.0
477.0
281.0
-24.0
-271.0
-386.0
-314.0
-32.0
226.0
535.0
679.0
531.0
276.0
32.0
-142.0
-216.0
-78.0
60.0
158.0
283.0
329.0
276.0
188.0
34.0
-23.0
-93.0
-104.0
-65.0
22.0
195.0
321.0
245.0
162.0
90.0
96.0
236.0
439.0
502.0
397.0
228.0
68.0
-103.0
-144.0
-83.0
-91.0
-86.0
20.0
248.0
442.0
493.0
446.0
209.0
-71.0
-160.0
-196.0
-70.0
130.0
307.0
366.0
241.0
157.0
22.0
-134.0
-127.0
8.0
183.0
273.0
355.0
395.0
322.0
348.0
296.0
192.0
112.0
167.0
318.0
236.0
69.0
-184.0
-427.0
-459.0
-338.0
-25.0
271.0
520.0
705.0
604.0
362.0
58.0
-241.0
-509.0
-454.0
-192.0
215.0
614.0
805.0
772.0
529.0
199.0
-74.0
-203.0
-197.0
-117.0
31.0
242.0
426.0
428.0
431.0
344.0
88.0
-150.0
-254.0
-193.0
-81.0
39.0
174.0
168.0
126.0
47.0
-26.0
145.0
389.0
440.0
390.0
253.0
77.0
-160.0
-350.0
-228.0
-58.0
132.0
368.0
623.0
723.0
506.0
270.0
46.0
-147.0
-109.0
20.0
297.0
430.0
381.0
262.0
30.0
-264.0
-388.0
-333.0
-216.0
-1.0
258.0
365.0
332.0
269.0
159.0
156.0
157.0
203.0
252.0
348.0
419.0
360.0
214.0
-37.0
-313.0
502.0
397.0
228.0
68.0
-103.0
-144.0
-83.0
-91.0
-86.0
20.0
248.0
442.0
493.0
446.0
209.0
-71.0
-160.0
-196.0
-70.0
130.0
307.0
366.0
241.0
157.0
22.0
-134.0
-127.0
8.0
183.0
273.0
355.0
395.0
322.0
348.0
296.0
192.0
112.0
167.0
318.0
236.0
69.0
-184.0
-427.0
-459.0
-338.0
-25.0
271.0
520.0
705.0
604.0
362.0
58.0
-241.0
-509.0
-454.0
-192.0
215.0
614.0
805.0
772.0
529.0
199.0
-74.0
-203.0
-197.0
-117.0
31.0
242.0
426.0
428.0
431.0
344.0
88.0
-150.0
-254.0
-193.0
-81.0
39.0
174.0
168.0
126.0
47.0
-26.0
145.0
389.0
440.0
390.0
253.0
77.0
-160.0
-350.0
-228.0
-58.0
132.0
368.0
623.0
723.0
506.0
270.0
46.0
-147.0
-109.0
20.0
297.0
430.0
381.0
262.0
30.0
-264.0
-388.0
-333.0
-216.0
-1.0
258.0
365.0
332.0
269.0
159.0
156.0
157.0
203.0
252.0
348.0
419.0
360.0
214.0
-37.0
-313.0
-360.0
-237.0
13.0
294.0
562.0
737.0
619.0
493.0
235.0
-143.0
-438.0
-599.0
-429.0
-70.0
335.0
616.0
567.0
316.0
79.0
-104.0
-218.0
-154.0
-10.0
149.0
349.0
496.0
540.0
505.0
330.0
77.0
-69.0
-93.0
-74.0
-13.0
140.0
143.0
135.0
120.0
-4.0
118.0
310.0
431.0
483.0
319.0
14.0
-250.0
-326.0
-307.0
-221.0
-77.0
142.0
411.0
555.0
562.0
501.0
292.0
50.0
-138.0
-191.0
-78.0
211.0
474.0
536.0
451.0
255.0
-85.0
-380.0
-452.0
-278.0
-48.0
254.0
452.0
528.0
471.0
231.0
81.0
-3.0
-26.0
118.0
250.0
265.0
238.0
100.0
-43.0
-148.0
-167.0
-160.0
-1.0
306.0
519.0
634.0
542.0
309.0
-5.0
-312.0
-389.0
-230.0
81.0
421.0
543.0
448.0
307.0
57.0
-106.0
-42.0
43.0
106.0
170.0
231.0
188.0
285.0
337.0
253.0
76.0
-102.0
-105.0
-147.0
-146.0
-24.0
102.0
58.0
132.0
282.0
253.0
402.0
544.0
526.0
341.0
-360.0
-237.0
13.0
294.0
562.0
737.0
619.0
493.0
235.0
-143.0
-438.0
-599.0
-429.0
-70.0
335.0
616.0
567.0
316.0
79.0
-104.0
-218.0
-154.0
-10.0
149.0
349.0
496.0
540.0
505.0
330.0
77.0
-69.0
-93.0
-74.0
-13.0
140.0
143.0
135.0
120.0
-4.0
118.0
310.0
431.0
483.0
319.0
14.0
-250.0
-326.0
-307.0
-221.0
-77.0
142.0
411.0
555.0
562.0
501.0
292.0
50.0
-138.0
-191.0
-78.0
211.0
474.0
536.0
451.0
255.0
-85.0
-380.0
-452.0
-278.0
-48.0
254.0
452.0
528.0
471.0
231.0
81.0
-3.0
-26.0
118.0
250.0
265.0
238.0
100.0
-43.0
-148.0
-167.0
-160.0
-1.0
306.0
519.0
634.0
542.0
309.0
-5.0
-312.0
-389.0
-230.0
81.0
421.0
543.0
448.0
307.0
57.0
-106.0
-42.0
43.0
106.0
170.0
231.0
188.0
285.0
337.0
253.0
76.0
-102.0
-105.0
-147.0
-146.0
-24.0
102.0
58.0
132.0
282.0
253.0
402.0
544.0
526.0
341.0
95.0
-103.0
-396.0
-498.0
-326.0
-152.0
100.0
375.0
589.0
755.0
779.0
603.0
283.0
-16.0
-220.0
-304.0
-174.0
93.0
272.0
288.0
99.0
-98.0
-281.0
-363.0
-196.0
56.0
308.0
348.0
551.0
593.0
426.0
250.0
70.0
43.0
115.0
177.0
175.0
61.0
6.0
-165.0
-216.0
-17.0
50.0
160.0
230.0
414.0
564.0
537.0
487.0
114.0
-172.0
-444.0
-447.0
-255.0
87.0
426.0
551.0
533.0
147.0
-42.0
-91.0
-90.0
131.0
267.0
365.0
428.0
311.0
239.0
118.0
122.0
101.0
0.0
-70.0
-95.0
164.0
305.0
235.0
176.0
39.0
-266.0
-188.0
79.0
353.0
601.0
456.0
245.0
-95.0
-376.0
-541.0
-289.0
43.0
295.0
569.0
592.0
461.0
391.0
239.0
100.0
-132.0
-59.0
75.0
202.0
392.0
436.0
386.0
115.0
-151.0
-324.0
-330.0
198.0
132.0
241.0
319.0
350.0
250.0
197.0
137.0
26.0
77.0
105.0
138.0
140.0
1.0
-83.0
-102.0
-74.0
7.0
287.0
95.0
-103.0
-396.0
-498.0
-326.0
-152.0
100.0
375.0
589.0
755.0
779.0
603.0
283.0
-16.0
-220.0
-304.0
-174.0
93.0
272.0
288.0
99.0
-98.0
-281.0
-363.0
-196.0
56.0
308.0
348.0
551.0
593.0
426.0
250.0
70.0
43.0
115.0
177.0
175.0
61.0
6.0
-165.0
-216.0
-17.0
50.0
160.0
230.0
414.0
564.0
537.0
487.0
114.0
-172.0
-444.0
-447.0
-255.0
87.0
426.0
551.0
533.0
147.0
-42.0
-91.0
-90.0
131.0
267.0
