Gv1b1164_121
1
RAW_AUDIO_STREAM
1600
-76.0
282.0
644.0
420.0
37.0
-197.0
-154.0
-229.0
-539.0
-541.0
-43.0
274.0
453.0
644.0
653.0
651.0
365.0
-160.0
-333.0
-467.0
-557.0
-326.0
181.0
687.0
749.0
695.0
343.0
-179.0
-363.0
-167.0
55.0
176.0
354.0
636.0
723.0
629.0
403.0
140.0
-309.0
-523.0
-79.0
91.0
-62.0
-17.0
-183.0
-115.0
226.0
259.0
91.0
202.0
638.0
886.0
727.0
191.0
-305.0
-680.0
-872.0
-793.0
-408.0
534.0
1143.0
995.0
1061.0
873.0
79.0
-478.0
-689.0
-649.0
-187.0
312.0
543.0
706.0
787.0
390.0
-81.0
-403.0
-502.0
-343.0
-53.0
308.0
571.0
492.0
163.0
223.0
402.0
242.0
108.0
-3.0
39.0
70.0
-54.0
-110.0
-253.0
-375.0
-174.0
195.0
524.0
891.0
1071.0
827.0
324.0
-163.0
-541.0
-917.0
-842.0
-207.0
577.0
1152.0
1151.0
660.0
183.0
-199.0
-557.0
-456.0
-86.0
167.0
254.0
389.0
695.0
419.0
-44.0
-220.0
-379.0
-175.0
41.0
74.0
315.0
387.0
238.0
294.0
300.0
-101.0
-188.0
223.0
434.0
453.0
663.0
766.0
325.0
-564.0
-1080.0
-957.0
-366.0
372.0
798.0
1115.0
1198.0
662.0
-1.0
-465.0
-775.0
-961.0
-442.0
523.0
878.0
804.0
644.0
281.0
-234.0
-441.0
-232.0
-106.0
132.0
552.0
605.0
303.0
-9.0
-18.0
182.0
424.0
595.0
455.0
519.0
382.0
-224.0
-711.0
-944.0
-873.0
-370.0
288.0
890.0
1108.0
946.0
422.0
-74.0
-412.0
-793.0
-629.0
-249.0
82.0
732.0
1436.0
1470.0
674.0
-181.0
-656.0
-796.0
-544.0
0.0
501.0
770.0
996.0
838.0
189.0
-181.0
-300.0
-426.0
-394.0
-164.0
131.0
50.0
94.0
239.0
14.0
-54.0
15.0
117.0
370.0
673.0
846.0
658.0
232.0
-496.0
-941.0
-538.0
-54.0
303.0
736.0
922.0
734.0
480.0
283.0
-225.0
-609.0
-397.0
-67.0
434.0
714.0
619.0
428.0
-82.0
-672.0
-765.0
-282.0
95.0
367.0
487.0
447.0
191.0
-8.0
220.0
254.0
158.0
416.0
850.0
807.0
238.0
294.0
300.0
-101.0
-188.0
223.0
434.0
453.0
663.0
766.0
325.0
-564.0
-1080.0
-957.0
-366.0
372.0
798.0
1115.0
1198.0
662.0
-1.0
-465.0
-775.0
-961.0
-442.0
523.0
878.0
804.0
644.0
281.0
-234.0
-441.0
-232.0
-106.0
132.0
552.0
605.0
303.0
-9.0
-18.0
182.0
424.0
595.0
455.0
519.0
382.0
-224.0
-711.0
-944.0
-873.0
-370.0
288.0
890.0
1108.0
946.0
422.0
-74.0
-412.0
-793.0
-629.0
-249.0
82.0
732.0
1436.0
1470.0
674.0
-181.0
-656.0
-796.0
-544.0
0.0
501.0
770.0
996.0
838.0
189.0
-181.0
-300.0
-426.0
-394.0
-164.0
131.0
50.0
94.0
239.0
14.0
-54.0
15.0
117.0
370.0
673.0
846.0
658.0
232.0
-496.0
-941.0
-538.0
-54.0
303.0
736.0
922.0
734.0
480.0
283.0
-225.0
-609.0
-397.0
-67.0
434.0
714.0
619.0
428.0
-82.0
-672.0
-765.0
-282.0
95.0
367.0
487.0
447.0
191.0
-8.0
220.0
254.0
158.0
416.0
850.0
807.0
272.0
-68.0
-499.0
-990.0
-910.0
-272.0
223.0
531.0
1009.0
1072.0
697.0
473.0
-57.0
-741.0
-946.0
-920.0
-259.0
787.0
1370.0
1417.0
778.0
-172.0
-753.0
-836.0
-648.0
-506.0
-111.0
444.0
948.0
1324.0
1213.0
648.0
-1.0
-364.0
-530.0
-558.0
83.0
351.0
-133.0
-174.0
13.0
-20.0
113.0
419.0
491.0
466.0
697.0
580.0
-1.0
-503.0
-666.0
-478.0
-160.0
345.0
588.0
455.0
572.0
543.0
200.0
-52.0
-229.0
-462.0
-342.0
260.0
570.0
671.0
736.0
422.0
-88.0
-320.0
-504.0
-583.0
-9.0
295.0
585.0
999.0
736.0
253.0
-2.0
-228.0
-379.0
-165.0
321.0
607.0
528.0
82.0
-496.0
-884.0
-1036.0
-655.0
167.0
842.0
1359.0
1561.0
1193.0
567.0
-237.0
-788.0
-1153.0
-1099.0
-230.0
729.0
1101.0
1038.0
677.0
191.0
-368.0
-536.0
-352.0
-3.0
185.0
313.0
592.0
855.0
826.0
229.0
-463.0
-803.0
-687.0
-306.0
35.0
98.0
97.0
146.0
74.0
63.0
391.0
580.0
272.0
-68.0
-499.0
-990.0
-910.0
-272.0
223.0
531.0
1009.0
1072.0
697.0
473.0
-57.0
-741.0
-946.0
-920.0
-259.0
787.0
1370.0
1417.0
778.0
-172.0
-753.0
-836.0
-648.0
-506.0
-111.0
444.0
948.0
1324.0
1213.0
648.0
-1.0
-364.0
-530.0
-558.0
83.0
351.0
-133.0
-174.0
13.0
-20.0
113.0
419.0
491.0
466.0
697.0
580.0
-1.0
-503.0
-666.0
-478.0
-160.0
345.0
588.0
455.0
572.0
543.0
200.0
-52.0
-229.0
-462.0
-342.0
260.0
570.0
671.0
736.0
422.0
-88.0
-320.0
-504.0
-583.0
-9.0
295.0
585.0
999.0
736.0
253.0
-2.0
-228.0
-379.0
-165.0
321.0
607.0
528.0
82.0
-496.0
-884.0
-1036.0
-655.0
167.0
842.0
1359.0
1561.0
1193.0
567.0
-237.0
-788.0
-1153.0
-1099.0
-230.0
729.0
1101.0
1038.0
677.0
191.0
-368.0
-536.0
-352.0
-3.0
185.0
313.0
592.0
855.0
826.0
229.0
-463.0
-803.0
-687.0
-306.0
35.0
98.0
97.0
146.0
74.0
63.0
391.0
580.0
821.0
1163.0
934.0
240.0
-318.0
-699.0
-1017.0
-793.0
-11.0
423.0
994.0
1051.0
845.0
559.0
-277.0
-669.0
-561.0
-441.0
-355.0
204.0
859.0
873.0
482.0
15.0
-293.0
-650.0
-687.0
-385.0
34.0
612.0
1274.0
1188.0
434.0
-82.0
55.0
-8.0
-20.0
337.0
611.0
682.0
446.0
-260.0
-777.0
-897.0
-862.0
-393.0
421.0
922.0
929.0
876.0
820.0
224.0
-460.0
-757.0
-899.0
-617.0
-6.0
702.0
1111.0
1088.0
569.0
-142.0
-492.0
-258.0
139.0
324.0
287.0
114.0
438.0
798.0
408.0
-192.0
-417.0
-281.0
-105.0
184.0
512.0
296.0
-39.0
-157.0
-286.0
-417.0
-183.0
413.0
1051.0
1181.0
876.0
312.0
-412.0
-998.0
-1163.0
-768.0
-147.0
611.0
1304.0
1421.0
1123.0
533.0
-72.0
-564.0
-864.0
-668.0
-190.0
447.0
1094.0
949.0
363.0
-70.0
-337.0
-467.0
-567.0
-353.0
187.0
746.0
804.0
511.0
276.0
-49.0
-113.0
122.0
267.0
275.0
177.0
130.0
-35.0
-471.0
-593.0
-273.0
821.0
1163.0
934.0
240.0
-318.0
-699.0
-1017.0
-793.0
-11.0
423.0
994.0
1051.0
845.0
559.0
-277.0
-669.0
-561.0
-441.0
-355.0
204.0
859.0
873.0
482.0
15.0
-293.0
-650.0
-687.0
-385.0
34.0
612.0
1274.0
1188.0
434.0
-82.0
55.0
-8.0
-20.0
337.0
611.0
682.0
446.0
-260.0
-777.0
-897.0
-862.0
-393.0
421.0
922.0
929.0
876.0
820.0
224.0
-460.0
-757.0
-899.0
-617.0
-6.0
702.0
1111.0
1088.0
569.0
-142.0
-492.0
-258.0
139.0
324.0
287.0
114.0
438.0
798.0
408.0
-192.0
-417.0
-281.0
-105.0
184.0
512.0
296.0
-39.0
-157.0
-286.0
-417.0
-183.0
413.0
1051.0
1181.0
876.0
312.0
-412.0
-998.0
-1163.0
-768.0
-147.0
611.0
1304.0
1421.0
1123.0
533.0
-72.0
-564.0
-864.0
-668.0
-190.0
447.0
1094.0
949.0
363.0
-70.0
-337.0
-467.0
-567.0
-353.0
187.0
746.0
804.0
511.0
276.0
-49.0
-113.0
122.0
267.0
275.0
177.0
130.0
-35.0
-471.0
-593.0
-273.0
-51.0
339.0
928.0
1020.0
589.0
364.0
333.0
13.0
-243.0
-525.0
-886.0
-609.0
425.0
1213.0
1124.0
746.0
350.0
-314.0
-712.0
-420.0
35.0
100.0
148.0
510.0
721.0
371.0
-80.0
-349.0
-534.0
-236.0
148.0
555.0
726.0
396.0
211.0
25.0
-276.0
-275.0
43.0
367.0
607.0
885.0
681.0
444.0
21.0
-744.0
-993.0
-831.0
-305.0
334.0
1094.0
1550.0
1116.0
309.0
-536.0
-1224.0
-1150.0
-620.0
92.0
692.0
1002.0
1187.0
974.0
366.0
-236.0
-461.0
-339.0
-259.0
1.0
659.0
813.0
411.0
207.0
26.0
-146.0
-76.0
197.0
472.0
317.0
36.0
-170.0
-656.0
-768.0
-612.0
-162.0
484.0
910.0
1047.0
987.0
522.0
-154.0
-666.0
-816.0
-577.0
-72.0
486.0
975.0
1234.0
1034.0
518.0
-82.0
-598.0
-640.0
-511.0
-122.0
387.0
335.0
711.0
1264.0
814.0
-60.0
-621.0
-911.0
-647.0
98.0
587.0
450.0
176.0
-103.0
-332.0
-284.0
-339.0
-228.0
536.0
1263.0
1188.0
709.0
229.0
-51.0
339.0
928.0
1020.0
589.0
364.0
333.0
13.0
-243.0
-525.0
-886.0
-609.0
425.0
1213.0
1124.0
746.0
350.0
-314.0
-712.0
-420.0
35.0
100.0
148.0
510.0
721.0
371.0
-80.0
-349.0
-534.0
-236.0
148.0
555.0
726.0
396.0
211.0
25.0
-276.0
-275.0
43.0
367.0
607.0
885.0
681.0
444.0
21.0
-744.0
-993.0
-831.0
-305.0
334.0
1094.0
1550.0
1116.0
309.0
-536.0
-1224.0
-1150.0
-620.0
92.0
692.0
1002.0
1187.0
974.0
366.0
-236.0
-461.0
-339.0
-259.0
1.0
659.0
813.0
411.0
207.0
26.0
-146.0
-76.0
197.0
472.0
317.0
36.0
-170.0
-656.0
-768.0
-612.0
-162.0
484.0
910.0
1047.0
987.0
522.0
-154.0
-666.0
-816.0
-577.0
-72.0
486.0
975.0
1234.0
1034.0
518.0
-82.0
-598.0
-640.0
-511.0
-122.0
387.0
335.0
711.0
1264.0
814.0
-60.0
-621.0
-911.0
-647.0
98.0
587.0
450.0
176.0
-103.0
-332.0
-284.0
-339.0
-228.0
536.0
1263.0
1188.0
709.0
229.0
-396.0
-643.0
-467.0
-243.0
148.0
636.0
988.0
877.0
707.0
393.0
-458.0
-970.0
-625.0
-173.0
40.0
530.0
834.0
444.0
27.0
-58.0
-325.0
-718.0
-434.0
215.0
520.0
703.0
633.0
-34.0
-138.0
383.0
447.0
470.0
594.0
507.0
187.0
-16.0
-385.0
-597.0
-498.0
-394.0
8.0
665.0
1167.0
1115.0
770.0
486.0
-236.0
-1116.0
-1395.0
-996.0
-242.0
615.0
1270.0
1425.0
741.0
-336.0
-808.0
-689.0
-324.0
115.0
638.0
727.0
662.0
1144.0
1243.0
356.0
-539.0
-904.0
-945.0
-422.0
359.0
586.0
144.0
-144.0
-259.0
-152.0
342.0
637.0
582.0
894.0
859.0
446.0
10.0
-541.0
-1034.0
-1021.0
-538.0
62.0
469.0
844.0
931.0
651.0
277.0
-20.0
-340.0
-483.0
-137.0
473.0
829.0
648.0
306.0
132.0
-165.0
-297.0
-234.0
-105.0
244.0
690.0
889.0
630.0
121.0
-350.0
-354.0
46.0
256.0
391.0
273.0
1.0
-198.0
-423.0
-720.0
-647.0
-396.0
-134.0
412.0
1023.0
1374.0
1472.0
-396.0
-643.0
-467.0
-243.0
148.0
636.0
988.0
877.0
707.0
393.0
-458.0
-970.0
-625.0
-173.0
40.0
530.0
834.0
444.0
27.0
-58.0
-325.0
-718.0
-434.0
215.0
520.0
703.0
633.0
-34.0
-138.0
383.0
447.0
470.0
594.0
507.0
187.0
-16.0
-385.0
-597.0
-498.0
-394.0
8.0
665.0
1167.0
1115.0
770.0
486.0
-236.0
-1116.0
-1395.0
-996.0
-242.0
615.0
1270.0
1425.0
741.0
-336.0
-808.0
-689.0
-324.0
115.0
638.0
727.0
662.0
1144.0
1243.0
356.0
-539.0
-904.0
-945.0
-422.0
359.0
586.0
144.0
-144.0
-259.0
-152.0
342.0
637.0
582.0
894.0
859.0
446.0
10.0
-541.0
-1034.0
-1021.0
-538.0
62.0
469.0
844.0
931.0
651.0
277.0
-20.0
-340.0
-483.0
-137.0
473.0
829.0
648.0
306.0
132.0
-165.0
-297.0
-234.0
-105.0
244.0
690.0
889.0
630.0
121.0
-350.0
-354.0
46.0
256.0
391.0
273.0
1.0
-198.0
-423.0
-720.0
-647.0
-396.0
-134.0
412.0
1023.0
1374.0
1472.0
1222.0
567.0
-417.0
-1197.0
-1582.0
-1380.0
-150.0
1029.0
1381.0
1243.0
752.0
49.0
-465.0
-320.0
36.0
179.0
280.0
312.0
326.0
520.0
603.0
90.0
-684.0
-1086.0
-819.0
-383.0
171.0
387.0
319.0
477.0
307.0
87.0
539.0
730.0
694.0
875.0
600.0
31.0
-437.0
-528.0
-464.0
-480.0
-488.0
94.0
991.0
1151.0
944.0
753.0
35.0
-583.0
-629.0
-570.0
-607.0
-202.0
309.0
790.0
798.0
406.0
-215.0
-735.0
-529.0
-114.0
390.0
834.0
967.0
755.0
680.0
329.0
-226.0
-282.0
46.0
314.0
452.0
403.0
249.0
-311.0
-732.0
-813.0
-699.0
-182.0
337.0
987.0
1089.0
877.0
605.0
-2.0
-534.0
-873.0
-1001.0
-683.0
171.0
1010.0
1359.0
1125.0
593.0
93.0
-296.0
-321.0
-86.0
-123.0
-215.0
93.0
548.0
886.0
954.0
467.0
-259.0
-395.0
-283.0
-318.0
-180.0
63.0
157.0
58.0
66.0
179.0
13.0
-24.0
267.0
592.0
762.0
505.0
-116.0
-592.0
-597.0
-499.0
-64.0
618.0
1222.0
567.0
-417.0
-1197.0
-1582.0
-1380.0
-150.0
1029.0
1381.0
1243.0
752.0
49.0
-465.0
-320.0
36.0
179.0
280.0
312.0
326.0
520.0
603.0
90.0
-684.0
-1086.0
-819.0
-383.0
171.0
387.0
319.0
477.0
307.0
87.0
539.0
730.0
694.0
875.0
600.0
31.0
-437.0
-528.0
-464.0
-480.0
-488.0
94.0
991.0
1151.0
944.0
753.0
35.0
-583.0
-629.0
-570.0
-607.0
-202.0
309.0
790.0
798.0
406.0
-215.0
-735.0
-529.0
-114.0
390.0
834.0
