Gv1b1164_128
1
RAW_AUDIO_STREAM
1600
58.0
380.0
104.0
359.0
359.0
-18.0
92.0
116.0
-546.0
-521.0
440.0
668.0
446.0
317.0
-315.0
-482.0
-78.0
354.0
954.0
956.0
381.0
102.0
0.0
-280.0
-460.0
-516.0
-604.0
-50.0
667.0
1060.0
1364.0
941.0
80.0
-448.0
-633.0
-474.0
-602.0
-395.0
201.0
575.0
517.0
326.0
205.0
-171.0
-225.0
-69.0
327.0
563.0
437.0
547.0
157.0
-26.0
27.0
-153.0
329.0
544.0
176.0
408.0
527.0
-331.0
-731.0
-175.0
-6.0
80.0
47.0
209.0
714.0
953.0
818.0
319.0
-604.0
-1000.0
-997.0
-777.0
-365.0
208.0
890.0
1524.0
1947.0
1215.0
294.0
-374.0
-796.0
-531.0
-129.0
-85.0
-52.0
335.0
396.0
11.0
316.0
851.0
356.0
-742.0
-594.0
453.0
401.0
-8.0
-244.0
-400.0
91.0
259.0
115.0
528.0
828.0
285.0
150.0
342.0
-125.0
-608.0
-560.0
-252.0
651.0
1193.0
963.0
911.0
604.0
-6.0
-418.0
-827.0
-649.0
-362.0
-297.0
238.0
891.0
776.0
258.0
-20.0
-386.0
-332.0
-114.0
-204.0
338.0
918.0
694.0
289.0
149.0
-203.0
-514.0
-160.0
380.0
646.0
783.0
619.0
-341.0
-536.0
-359.0
-628.0
-245.0
346.0
519.0
513.0
817.0
1201.0
931.0
-218.0
-1249.0
-1556.0
-1049.0
361.0
1131.0
1017.0
923.0
668.0
578.0
486.0
-137.0
-666.0
-489.0
-121.0
-1.0
205.0
341.0
387.0
119.0
302.0
471.0
393.0
277.0
170.0
24.0
-314.0
-505.0
-599.0
-581.0
-12.0
294.0
441.0
624.0
840.0
523.0
499.0
565.0
-266.0
-764.0
-664.0
-597.0
122.0
958.0
1197.0
980.0
541.0
-270.0
-626.0
-593.0
-827.0
-286.0
395.0
614.0
810.0
823.0
748.0
631.0
10.0
-766.0
-988.0
-578.0
-159.0
333.0
729.0
271.0
350.0
646.0
-70.0
64.0
915.0
777.0
440.0
499.0
-151.0
-824.0
-541.0
-527.0
-623.0
-354.0
-253.0
426.0
1175.0
979.0
837.0
711.0
-327.0
-625.0
-383.0
-347.0
174.0
497.0
222.0
552.0
834.0
418.0
58.0
-448.0
-637.0
-438.0
-41.0
-386.0
-332.0
-114.0
-204.0
338.0
918.0
694.0
289.0
149.0
-203.0
-514.0
-160.0
380.0
646.0
783.0
619.0
-341.0
-536.0
-359.0
-628.0
-245.0
346.0
519.0
513.0
817.0
1201.0
931.0
-218.0
-1249.0
-1556.0
-1049.0
361.0
1131.0
1017.0
923.0
668.0
578.0
486.0
-137.0
-666.0
-489.0
-121.0
-1.0
205.0
341.0
387.0
119.0
302.0
471.0
393.0
277.0
170.0
24.0
-314.0
-505.0
-599.0
-581.0
-12.0
294.0
441.0
624.0
840.0
523.0
499.0
565.0
-266.0
-764.0
-664.0
-597.0
122.0
958.0
1197.0
980.0
541.0
-270.0
-626.0
-593.0
-827.0
-286.0
395.0
614.0
810.0
823.0
748.0
631.0
10.0
-766.0
-988.0
-578.0
-159.0
333.0
729.0
271.0
350.0
646.0
-70.0
64.0
915.0
777.0
440.0
499.0
-151.0
-824.0
-541.0
-527.0
-623.0
-354.0
-253.0
426.0
1175.0
979.0
837.0
711.0
-327.0
-625.0
-383.0
-347.0
174.0
497.0
222.0
552.0
834.0
418.0
58.0
-448.0
-637.0
-438.0
-41.0
630.0
1126.0
1060.0
467.0
161.0
141.0
-144.0
-569.0
-687.0
-247.0
-211.0
-470.0
-180.0
35.0
113.0
202.0
287.0
902.0
1542.0
1094.0
557.0
948.0
710.0
-885.0
-1530.0
-1378.0
-1069.0
126.0
1148.0
1108.0
852.0
217.0
-217.0
280.0
108.0
-422.0
-98.0
-63.0
754.0
1431.0
474.0
-183.0
-255.0
-1067.0
-1327.0
-750.0
-34.0
776.0
1371.0
779.0
752.0
785.0
42.0
-92.0
253.0
322.0
514.0
95.0
-108.0
-427.0
-712.0
-524.0
-249.0
-196.0
-17.0
822.0
1265.0
1259.0
1071.0
244.0
-902.0
-1417.0
-818.0
-200.0
126.0
640.0
660.0
444.0
557.0
382.0
-111.0
-573.0
-682.0
78.0
916.0
1011.0
1043.0
1444.0
631.0
-426.0
-297.0
-423.0
-748.0
-762.0
-352.0
-409.0
-311.0
319.0
143.0
44.0
819.0
833.0
842.0
1436.0
752.0
-31.0
128.0
-549.0
-1584.0
-1269.0
-949.0
-544.0
782.0
1303.0
1223.0
1473.0
794.0
-250.0
-124.0
42.0
-53.0
359.0
582.0
402.0
30.0
-191.0
-249.0
-578.0
630.0
1126.0
1060.0
467.0
161.0
141.0
-144.0
-569.0
-687.0
-247.0
-211.0
-470.0
-180.0
35.0
113.0
202.0
287.0
902.0
1542.0
1094.0
557.0
948.0
710.0
-885.0
-1530.0
-1378.0
-1069.0
126.0
1148.0
1108.0
852.0
217.0
-217.0
280.0
108.0
-422.0
-98.0
-63.0
754.0
1431.0
474.0
-183.0
-255.0
-1067.0
-1327.0
-750.0
-34.0
776.0
1371.0
779.0
752.0
785.0
42.0
-92.0
253.0
322.0
514.0
95.0
-108.0
-427.0
-712.0
-524.0
-249.0
-196.0
-17.0
822.0
1265.0
1259.0
1071.0
244.0
-902.0
-1417.0
-818.0
-200.0
126.0
640.0
660.0
444.0
557.0
382.0
-111.0
-573.0
-682.0
78.0
916.0
1011.0
1043.0
1444.0
631.0
-426.0
-297.0
-423.0
-748.0
-762.0
-352.0
-409.0
-311.0
319.0
143.0
44.0
819.0
833.0
842.0
1436.0
752.0
-31.0
128.0
-549.0
-1584.0
-1269.0
-949.0
-544.0
782.0
1303.0
1223.0
1473.0
794.0
-250.0
-124.0
42.0
-53.0
359.0
582.0
402.0
30.0
-191.0
-249.0
-578.0
-591.0
-314.0
-55.0
277.0
575.0
619.0
659.0
462.0
31.0
53.0
301.0
515.0
738.0
529.0
-16.0
-544.0
-1173.0
-1066.0
-545.0
-160.0
190.0
717.0
1109.0
1104.0
1386.0
972.0
124.0
-437.0
-1061.0
-1278.0
-666.0
469.0
844.0
531.0
661.0
551.0
136.0
-78.0
-375.0
-545.0
-7.0
560.0
546.0
486.0
755.0
521.0
88.0
-123.0
-366.0
-607.0
-491.0
41.0
64.0
-58.0
212.0
97.0
-4.0
614.0
973.0
834.0
836.0
156.0
-204.0
391.0
-85.0
-1042.0
-889.0
-855.0
-503.0
748.0
1380.0
1424.0
1079.0
17.0
-491.0
-347.0
-706.0
-382.0
412.0
756.0
835.0
634.0
-31.0
-270.0
-499.0
-526.0
96.0
259.0
336.0
724.0
729.0
745.0
505.0
-121.0
-537.0
-384.0
374.0
967.0
723.0
11.0
-1166.0
-1162.0
-583.0
-523.0
129.0
514.0
506.0
1269.0
1621.0
1035.0
395.0
-574.0
-1105.0
-1191.0
-1096.0
-35.0
1075.0
1094.0
899.0
964.0
422.0
-43.0
-61.0
-490.0
-657.0
253.0
700.0
624.0
-591.0
-314.0
-55.0
277.0
575.0
619.0
659.0
462.0
31.0
53.0
301.0
515.0
738.0
529.0
-16.0
-544.0
-1173.0
-1066.0
-545.0
-160.0
190.0
717.0
1109.0
1104.0
1386.0
972.0
124.0
-437.0
-1061.0
-1278.0
-666.0
469.0
844.0
531.0
661.0
551.0
136.0
-78.0
-375.0
-545.0
-7.0
560.0
546.0
486.0
755.0
521.0
88.0
-123.0
-366.0
-607.0
-491.0
41.0
64.0
-58.0
212.0
97.0
-4.0
614.0
973.0
834.0
836.0
156.0
-204.0
391.0
-85.0
-1042.0
-889.0
-855.0
-503.0
748.0
1380.0
1424.0
1079.0
17.0
-491.0
-347.0
-706.0
-382.0
412.0
756.0
835.0
634.0
-31.0
-270.0
-499.0
-526.0
96.0
259.0
336.0
724.0
729.0
745.0
505.0
-121.0
-537.0
-384.0
374.0
967.0
723.0
11.0
-1166.0
-1162.0
-583.0
-523.0
129.0
514.0
506.0
1269.0
1621.0
1035.0
395.0
-574.0
-1105.0
-1191.0
-1096.0
-35.0
1075.0
1094.0
899.0
964.0
422.0
-43.0
-61.0
-490.0
-657.0
253.0
700.0
624.0
586.0
282.0
39.0
359.0
-18.0
-909.0
-936.0
-499.0
-396.0
-274.0
704.0
1005.0
312.0
-8.0
-24.0
429.0
1047.0
819.0
243.0
359.0
157.0
-671.0
-914.0
-622.0
-250.0
366.0
1140.0
1759.0
1527.0
80.0
-957.0
-564.0
-171.0
163.0
403.0
-99.0
-101.0
409.0
372.0
11.0
-211.0
-939.0
-965.0
139.0
990.0
1169.0
943.0
-100.0
-480.0
235.0
204.0
-242.0
245.0
842.0
642.0
657.0
382.0
-531.0
-837.0
-545.0
16.0
197.0
297.0
371.0
728.0
1211.0
970.0
36.0
-866.0
-1429.0
-1342.0
-708.0
132.0
685.0
741.0
407.0
351.0
519.0
536.0
241.0
156.0
85.0
-200.0
112.0
422.0
388.0
756.0
1043.0
664.0
288.0
-344.0
-839.0
-515.0
-69.0
123.0
-345.0
-844.0
-622.0
-122.0
827.0
1469.0
1306.0
114.0
-337.0
-20.0
-349.0
-806.0
-473.0
-307.0
-184.0
620.0
1056.0
910.0
920.0
494.0
-78.0
-28.0
96.0
-101.0
-1.0
430.0
799.0
477.0
-228.0
-110.0
108.0
-457.0
-476.0
586.0
282.0
39.0
359.0
-18.0
-909.0
-936.0
-499.0
-396.0
-274.0
704.0
1005.0
312.0
-8.0
-24.0
429.0
1047.0
819.0
243.0
359.0
157.0
-671.0
-914.0
-622.0
-250.0
366.0
1140.0
1759.0
1527.0
80.0
-957.0
-564.0
-171.0
163.0
403.0
-99.0
-101.0
409.0
372.0
11.0
-211.0
-939.0
-965.0
139.0
990.0
1169.0
943.0
-100.0
-480.0
235.0
204.0
-242.0
245.0
842.0
642.0
657.0
382.0
-531.0
-837.0
-545.0
16.0
197.0
297.0
371.0
728.0
1211.0
970.0
36.0
-866.0
-1429.0
-1342.0
-708.0
132.0
685.0
741.0
407.0
351.0
519.0
536.0
241.0
156.0
85.0
-200.0
112.0
422.0
388.0
756.0
1043.0
664.0
288.0
-344.0
-839.0
-515.0
-69.0
123.0
-345.0
-844.0
-622.0
-122.0
827.0
1469.0
1306.0
114.0
-337.0
-20.0
-349.0
-806.0
-473.0
-307.0
-184.0
620.0
1056.0
910.0
920.0
494.0
-78.0
-28.0
96.0
-101.0
-1.0
430.0
799.0
477.0
-228.0
-110.0
108.0
-457.0
-476.0
-54.0
115.0
462.0
267.0
-17.0
508.0
519.0
-117.0
-202.0
255.0
520.0
444.0
357.0
-101.0
-813.0
-736.0
-613.0
-220.0
594.0
643.0
767.0
1474.0
1407.0
771.0
-14.0
-922.0
-1165.0
-942.0
-300.0
337.0
927.0
1165.0
608.0
-268.0
-165.0
-1.0
-193.0
-410.0
-415.0
201.0
761.0
718.0
462.0
-205.0
-605.0
296.0
783.0
-89.0
-78.0
206.0
-532.0
-282.0
224.0
-193.0
57.0
692.0
1004.0
1509.0
1220.0
-205.0
-614.0
75.0
-299.0
-852.0
-691.0
-587.0
-510.0
538.0
1186.0
760.0
487.0
299.0
-173.0
-106.0
68.0
-301.0
-157.0
750.0
1111.0
416.0
-200.0
-83.0
-420.0
-885.0
-319.0
20.0
-55.0
817.0
1186.0
383.0
267.0
309.0
395.0
533.0
320.0
177.0
406.0
289.0
-539.0
-1109.0
-926.0
-823.0
-231.0
299.0
664.0
947.0
1084.0
983.0
254.0
-244.0
-827.0
-889.0
-615.0
197.0
1012.0
949.0
399.0
66.0
312.0
303.0
207.0
19.0
-196.0
-52.0
468.0
467.0
333.0
812.0
-54.0
115.0
462.0
267.0
-17.0
508.0
519.0
-117.0
-202.0
255.0
520.0
444.0
357.0
-101.0
-813.0
-736.0
-613.0
-220.0
594.0
643.0
767.0
1474.0
1407.0
771.0
-14.0
-922.0
-1165.0
-942.0
-300.0
337.0
927.0
1165.0
608.0
-268.0
-165.0
-1.0
-193.0
-410.0
-415.0
201.0
761.0
718.0
462.0
-205.0
-605.0
296.0
783.0
-89.0
-78.0
206.0
-532.0
-282.0
224.0
-193.0
57.0
692.0
1004.0
1509.0
1220.0
-205.0
-614.0
75.0
-299.0
-852.0
-691.0
-587.0
-510.0
538.0
1186.0
760.0
487.0
299.0
-173.0
-106.0
68.0
-301.0
-157.0
750.0
1111.0
416.0
-200.0
-83.0
-420.0
-885.0
-319.0
20.0
-55.0
817.0
1186.0
383.0
267.0
309.0
395.0
533.0
320.0
177.0
406.0
289.0
-539.0
-1109.0
-926.0
-823.0
-231.0
299.0
664.0
947.0
1084.0
983.0
254.0
-244.0
-827.0
-889.0
-615.0
197.0
1012.0
949.0
399.0
66.0
312.0
303.0
207.0
19.0
-196.0
-52.0
468.0
467.0
333.0
812.0
557.0
-403.0
-264.0
28.0
-291.0
132.0
300.0
-654.0
-647.0
-338.0
-528.0
-197.0
388.0
574.0
1386.0
1726.0
818.0
161.0
-82.0
-686.0
-1017.0
-953.0
-641.0
33.0
651.0
939.0
1323.0
1060.0
115.0
-52.0
91.0
107.0
140.0
-64.0
354.0
984.0
443.0
-228.0
80.0
-308.0
-1107.0
-1100.0
-530.0
259.0
1254.0
787.0
-197.0
-120.0
-88.0
-64.0
562.0
1129.0
937.0
543.0
159.0
-674.0
-1328.0
-993.0
-182.0
562.0
811.0
678.0
889.0
1468.0
1356.0
353.0
-645.0
-1014.0
-1377.0
-891.0
125.0
662.0
799.0
141.0
-81.0
524.0
645.0
-58.0
-685.0
-125.0
403.0
311.0
430.0
909.0
1235.0
-5.0
-966.0
-402.0
259.0
240.0
122.0
328.0
389.0
-143.0
-610.0
-516.0
-66.0
375.0
298.0
371.0
1209.0
1083.0
-58.0
-196.0
-327.0
-1150.0
-1191.0
-633.0
-66.0
1154.0
2044.0
1869.0
907.0
-57.0
-514.0
-640.0
-417.0
289.0
404.0
18.0
486.0
651.0
-255.0
-737.0
-406.0
-284.0
-285.0
-43.0
557.0
-403.0
-264.0
28.0
-291.0
132.0
300.0
-654.0
-647.0
-338.0
-528.0
-197.0
388.0
574.0
1386.0
1726.0
818.0
161.0
-82.0
-686.0
-1017.0
-953.0
-641.0
33.0
651.0
939.0
1323.0
1060.0
115.0
-52.0
91.0
107.0
140.0
-64.0
354.0
984.0
443.0
-228.0
80.0
-308.0
-1107.0
-1100.0
-530.0
259.0
1254.0
787.0
-197.0
-120.0
-88.0
-64.0
562.0
1129.0
937.0
543.0
159.0
-674.0
-1328.0
-993.0
-182.0
562.0
811.0
678.0
889.0
1468.0
