Gv1b1164_123
1
RAW_AUDIO_STREAM
1600
-158.0
304.0
748.0
1112.0
1076.0
509.0
-161.0
-518.0
-588.0
-548.0
-219.0
254.0
613.0
860.0
1047.0
696.0
-95.0
-478.0
-381.0
-164.0
126.0
399.0
231.0
-134.0
-327.0
-546.0
-448.0
-197.0
-16.0
411.0
1133.0
1308.0
922.0
308.0
-325.0
-536.0
-454.0
-233.0
36.0
323.0
518.0
803.0
962.0
490.0
0.0
-541.0
-848.0
-508.0
-208.0
248.0
875.0
949.0
624.0
260.0
-262.0
-729.0
-665.0
-309.0
31.0
534.0
535.0
100.0
152.0
475.0
538.0
457.0
478.0
521.0
365.0
268.0
-101.0
-610.0
-585.0
-731.0
-577.0
133.0
1066.0
1314.0
1047.0
949.0
75.0
-990.0
-1170.0
-1104.0
-564.0
537.0
1397.0
1425.0
907.0
212.0
-372.0
-805.0
-811.0
-528.0
-236.0
260.0
925.0
1197.0
1009.0
870.0
374.0
-489.0
-670.0
-336.0
-130.0
239.0
270.0
-8.0
-24.0
117.0
188.0
106.0
182.0
178.0
220.0
546.0
537.0
109.0
-234.0
-449.0
-577.0
-354.0
41.0
303.0
746.0
924.0
643.0
326.0
-34.0
-528.0
-508.0
-79.0
364.0
664.0
676.0
460.0
98.0
-289.0
-279.0
-274.0
-170.0
259.0
630.0
924.0
837.0
222.0
-306.0
-344.0
-228.0
-2.0
328.0
431.0
195.0
63.0
-387.0
-636.0
-687.0
-743.0
-306.0
579.0
1500.0
1785.0
1513.0
891.0
-122.0
-894.0
-1178.0
-1265.0
-639.0
371.0
1043.0
1414.0
1569.0
885.0
-106.0
-446.0
-786.0
-793.0
-305.0
-113.0
86.0
558.0
1007.0
825.0
40.0
-461.0
-732.0
-705.0
-313.0
172.0
408.0
607.0
623.0
198.0
84.0
152.0
115.0
399.0
826.0
801.0
382.0
-112.0
-855.0
-981.0
-465.0
-97.0
434.0
1107.0
1101.0
909.0
619.0
-60.0
-808.0
-753.0
-453.0
-341.0
-9.0
397.0
653.0
645.0
223.0
-341.0
-654.0
-508.0
91.0
790.0
1057.0
1037.0
789.0
138.0
-331.0
-415.0
-283.0
114.0
643.0
683.0
527.0
356.0
-389.0
-741.0
-632.0
-644.0
-324.0
431.0
1224.0
1285.0
995.0
508.0
-289.0
-951.0
-1217.0
-1104.0
-699.0
348.0
1068.0
1338.0
-34.0
-528.0
-508.0
-79.0
364.0
664.0
676.0
460.0
98.0
-289.0
-279.0
-274.0
-170.0
259.0
630.0
924.0
837.0
222.0
-306.0
-344.0
-228.0
-2.0
328.0
431.0
195.0
63.0
-387.0
-636.0
-687.0
-743.0
-306.0
579.0
1500.0
1785.0
1513.0
891.0
-122.0
-894.0
-1178.0
-1265.0
-639.0
371.0
1043.0
1414.0
1569.0
885.0
-106.0
-446.0
-786.0
-793.0
-305.0
-113.0
86.0
558.0
1007.0
825.0
40.0
-461.0
-732.0
-705.0
-313.0
172.0
408.0
607.0
623.0
198.0
84.0
152.0
115.0
399.0
826.0
801.0
382.0
-112.0
-855.0
-981.0
-465.0
-97.0
434.0
1107.0
1101.0
909.0
619.0
-60.0
-808.0
-753.0
-453.0
-341.0
-9.0
397.0
653.0
645.0
223.0
-341.0
-654.0
-508.0
91.0
790.0
1057.0
1037.0
789.0
138.0
-331.0
-415.0
-283.0
114.0
643.0
683.0
527.0
356.0
-389.0
-741.0
-632.0
-644.0
-324.0
431.0
1224.0
1285.0
995.0
508.0
-289.0
-951.0
-1217.0
-1104.0
-699.0
348.0
1068.0
1338.0
1299.0
917.0
217.0
-441.0
-367.0
21.0
-20.0
107.0
474.0
648.0
617.0
179.0
-497.0
-674.0
-471.0
-82.0
405.0
650.0
339.0
24.0
-210.0
-210.0
156.0
421.0
576.0
782.0
692.0
187.0
-207.0
-597.0
-1086.0
-788.0
-197.0
337.0
919.0
1199.0
1312.0
1252.0
472.0
-542.0
-1080.0
-1137.0
-642.0
258.0
824.0
1298.0
1371.0
456.0
-385.0
-853.0
-1085.0
-884.0
-82.0
1002.0
1294.0
831.0
132.0
-644.0
-725.0
-277.0
126.0
641.0
884.0
713.0
491.0
266.0
-347.0
-636.0
-634.0
-420.0
201.0
741.0
974.0
1125.0
924.0
232.0
-581.0
-1150.0
-1085.0
-641.0
20.0
911.0
1341.0
1069.0
648.0
190.0
-261.0
-525.0
-487.0
-534.0
-317.0
255.0
561.0
755.0
682.0
-13.0
-396.0
-107.0
141.0
355.0
685.0
814.0
278.0
-348.0
-478.0
-485.0
-185.0
230.0
892.0
1260.0
957.0
530.0
-105.0
-655.0
-978.0
-1004.0
-567.0
77.0
818.0
1296.0
1020.0
266.0
-368.0
-765.0
-940.0
-631.0
34.0
713.0
1299.0
917.0
217.0
-441.0
-367.0
21.0
-20.0
107.0
474.0
648.0
617.0
179.0
-497.0
-674.0
-471.0
-82.0
405.0
650.0
339.0
24.0
-210.0
-210.0
156.0
421.0
576.0
782.0
692.0
187.0
-207.0
-597.0
-1086.0
-788.0
-197.0
337.0
919.0
1199.0
1312.0
1252.0
472.0
-542.0
-1080.0
-1137.0
-642.0
258.0
824.0
1298.0
1371.0
456.0
-385.0
-853.0
-1085.0
-884.0
-82.0
1002.0
1294.0
831.0
132.0
-644.0
-725.0
-277.0
126.0
641.0
884.0
713.0
491.0
266.0
-347.0
-636.0
-634.0
-420.0
201.0
741.0
974.0
1125.0
924.0
232.0
-581.0
-1150.0
-1085.0
-641.0
20.0
911.0
1341.0
1069.0
648.0
190.0
-261.0
-525.0
-487.0
-534.0
-317.0
255.0
561.0
755.0
682.0
-13.0
-396.0
-107.0
141.0
355.0
685.0
814.0
278.0
-348.0
-478.0
-485.0
-185.0
230.0
892.0
1260.0
957.0
530.0
-105.0
-655.0
-978.0
-1004.0
-567.0
77.0
818.0
1296.0
1020.0
266.0
-368.0
-765.0
-940.0
-631.0
34.0
713.0
1485.0
1664.0
1004.0
341.0
-362.0
-967.0
-952.0
-553.0
-128.0
312.0
1041.0
1097.0
312.0
-67.0
-7.0
-188.0
23.0
464.0
532.0
550.0
532.0
-83.0
-754.0
-852.0
-767.0
-486.0
138.0
738.0
985.0
1101.0
733.0
-118.0
-696.0
-874.0
-606.0
-100.0
611.0
1264.0
970.0
497.0
365.0
-41.0
-450.0
-475.0
-6.0
325.0
380.0
550.0
795.0
796.0
201.0
-219.0
-354.0
-696.0
-551.0
42.0
299.0
180.0
43.0
-291.0
-757.0
-406.0
100.0
509.0
1290.0
1426.0
1190.0
740.0
-65.0
-979.0
-1249.0
-812.0
-313.0
547.0
1518.0
1492.0
1015.0
370.0
-499.0
-914.0
-712.0
-435.0
-12.0
605.0
962.0
950.0
366.0
-437.0
-977.0
-1250.0
-863.0
-46.0
673.0
1034.0
935.0
582.0
156.0
74.0
347.0
623.0
639.0
546.0
247.0
-178.0
-255.0
-391.0
-656.0
-650.0
-224.0
429.0
938.0
1110.0
1247.0
854.0
60.0
-607.0
-1142.0
-1104.0
-807.0
-238.0
760.0
975.0
782.0
481.0
15.0
-330.0
-644.0
-310.0
1485.0
1664.0
1004.0
341.0
-362.0
-967.0
-952.0
-553.0
-128.0
312.0
1041.0
1097.0
312.0
-67.0
-7.0
-188.0
23.0
464.0
532.0
550.0
532.0
-83.0
-754.0
-852.0
-767.0
-486.0
138.0
738.0
985.0
1101.0
733.0
-118.0
-696.0
-874.0
-606.0
-100.0
611.0
1264.0
970.0
497.0
365.0
-41.0
-450.0
-475.0
-6.0
325.0
380.0
550.0
795.0
796.0
201.0
-219.0
-354.0
-696.0
-551.0
42.0
299.0
180.0
43.0
-291.0
-757.0
-406.0
100.0
509.0
1290.0
1426.0
1190.0
740.0
-65.0
-979.0
-1249.0
-812.0
-313.0
547.0
1518.0
1492.0
1015.0
370.0
-499.0
-914.0
-712.0
-435.0
-12.0
605.0
962.0
950.0
366.0
-437.0
-977.0
-1250.0
-863.0
-46.0
673.0
1034.0
935.0
582.0
156.0
74.0
347.0
623.0
639.0
546.0
247.0
-178.0
-255.0
-391.0
-656.0
-650.0
-224.0
429.0
938.0
1110.0
1247.0
854.0
60.0
-607.0
-1142.0
-1104.0
-807.0
-238.0
760.0
975.0
782.0
481.0
15.0
-330.0
-644.0
-310.0
323.0
491.0
790.0
1224.0
1035.0
468.0
-53.0
-625.0
-711.0
-207.0
180.0
359.0
513.0
191.0
-179.0
-205.0
76.0
101.0
142.0
507.0
562.0
374.0
429.0
243.0
-398.0
-987.0
-966.0
-679.0
-28.0
709.0
1025.0
1092.0
802.0
247.0
-133.0
-585.0
-451.0
-1.0
174.0
573.0
1063.0
857.0
148.0
-229.0
-502.0
-729.0
-514.0
-49.0
501.0
1219.0
1176.0
408.0
-147.0
-382.0
-455.0
-227.0
300.0
728.0
657.0
186.0
-545.0
-1062.0
-954.0
-582.0
-184.0
678.0
1396.0
1467.0
1416.0
1000.0
10.0
-705.0
-954.0
-1264.0
-860.0
256.0
1138.0
1363.0
1314.0
690.0
-235.0
-899.0
-839.0
-257.0
342.0
724.0
658.0
671.0
607.0
258.0
-91.0
-482.0
-550.0
-667.0
-478.0
30.0
197.0
371.0
284.0
-85.0
11.0
372.0
503.0
724.0
921.0
511.0
9.0
134.0
-140.0
-658.0
-391.0
-293.0
3.0
870.0
1281.0
1029.0
392.0
-317.0
-768.0
-892.0
-660.0
-216.0
303.0
845.0
904.0
326.0
-209.0
-395.0
323.0
491.0
790.0
1224.0
1035.0
468.0
-53.0
-625.0
-711.0
-207.0
180.0
359.0
513.0
191.0
-179.0
-205.0
76.0
101.0
142.0
507.0
562.0
374.0
429.0
243.0
-398.0
-987.0
-966.0
-679.0
-28.0
709.0
1025.0
1092.0
802.0
247.0
-133.0
-585.0
-451.0
-1.0
174.0
573.0
1063.0
857.0
148.0
-229.0
-502.0
-729.0
-514.0
-49.0
501.0
1219.0
1176.0
408.0
-147.0
-382.0
-455.0
-227.0
300.0
728.0
657.0
186.0
-545.0
-1062.0
-954.0
-582.0
-184.0
678.0
1396.0
1467.0
1416.0
1000.0
10.0
-705.0
-954.0
-1264.0
-860.0
256.0
1138.0
1363.0
1314.0
690.0
-235.0
-899.0
-839.0
-257.0
342.0
724.0
658.0
671.0
607.0
258.0
-91.0
-482.0
-550.0
-667.0
-478.0
30.0
197.0
371.0
284.0
-85.0
11.0
372.0
503.0
724.0
921.0
511.0
9.0
134.0
-140.0
-658.0
-391.0
-293.0
3.0
870.0
1281.0
1029.0
392.0
-317.0
-768.0
-892.0
-660.0
-216.0
303.0
845.0
904.0
326.0
-209.0
-395.0
-427.0
-364.0
117.0
525.0
599.0
984.0
647.0
59.0
-6.0
-138.0
-151.0
277.0
643.0
616.0
459.0
424.0
64.0
-523.0
-848.0
-847.0
-723.0
-59.0
643.0
1157.0
1259.0
870.0
283.0
-428.0
-1066.0
-1235.0
-949.0
-155.0
924.0
1454.0
1429.0
991.0
150.0
-579.0
-431.0
-138.0
-99.0
115.0
368.0
534.0
874.0
743.0
316.0
-1.0
-457.0
-541.0
-68.0
-604.0
117.0
-327.0
-169.0
20.0
-150.0
152.0
278.0
591.0
805.0
549.0
110.0
-80.0
-359.0
-700.0
-490.0
-176.0
359.0
1052.0
1201.0
1140.0
866.0
132.0
-443.0
-737.0
-869.0
-632.0
31.0
636.0
876.0
973.0
604.0
-11.0
-514.0
-922.0
-629.0
121.0
565.0
765.0
598.0
111.0
-304.0
-384.0
-147.0
34.0
324.0
755.0
1001.0
825.0
179.0
-506.0
-617.0
-492.0
-230.0
282.0
656.0
766.0
756.0
688.0
229.0
-403.0
-826.0
-933.0
-594.0
14.0
719.0
1087.0
1108.0
963.0
285.0
-367.0
-661.0
-757.0
-422.0
20.0
305.0
407.0
-427.0
-364.0
117.0
525.0
599.0
984.0
647.0
59.0
-6.0
-138.0
-151.0
277.0
643.0
616.0
459.0
424.0
64.0
-523.0
-848.0
-847.0
-723.0
-59.0
643.0
1157.0
1259.0
870.0
283.0
-428.0
-1066.0
-1235.0
-949.0
-155.0
924.0
1454.0
1429.0
991.0
150.0
-579.0
-431.0
-138.0
-99.0
115.0
368.0
534.0
874.0
743.0
316.0
-1.0
-457.0
-541.0
-68.0
-604.0
117.0
-327.0
-169.0
20.0
-150.0
152.0
278.0
591.0
805.0
549.0
110.0
-80.0
-359.0
-700.0
-490.0
-176.0
359.0
1052.0
1201.0
1140.0
866.0
132.0
-443.0
-737.0
-869.0
-632.0
31.0
636.0
876.0
973.0
604.0
-11.0
-514.0
-922.0
-629.0
121.0
565.0
765.0
598.0
111.0
-304.0
-384.0
-147.0
34.0
324.0
755.0
1001.0
825.0
179.0
-506.0
-617.0
-492.0
-230.0
282.0
656.0
766.0
756.0
688.0
229.0
-403.0
-826.0
-933.0
-594.0
14.0
719.0
1087.0
1108.0
963.0
285.0
-367.0
-661.0
-757.0
-422.0
20.0
305.0
407.0
706.0
729.0
495.0
423.0
102.0
-307.0
-449.0
-135.0
377.0
245.0
84.0
-152.0
-377.0
-218.0
159.0
610.0
940.0
857.0
218.0
-69.0
68.0
-178.0
-489.0
-607.0
-506.0
143.0
791.0
1170.0
1244.0
637.0
-413.0
-941.0
-1037.0
-767.0
-53.0
719.0
1183.0
1326.0
1036.0
470.0
-133.0
-814.0
-1003.0
-721.0
-80.0
644.0
829.0
409.0
-1.0
-210.0
37.0
436.0
501.0
547.0
631.0
479.0
286.0
-123.0
-573.0
-939.0
-892.0
-340.0
155.0
669.0
999.0
1021.0
848.0
308.0
-351.0
-706.0
-616.0
-455.0
129.0
1138.0
1327.0
740.0
165.0
-502.0
-928.0
-711.0
-352.0
428.0
1071.0
903.0
791.0
612.0
33.0
-203.0
-32.0
24.0
-89.0
-56.0
16.0
-236.0
-347.0
-348.0
-470.0
-290.0
71.0
545.0
1304.0
1600.0
1131.0
478.0
-456.0
-959.0
-832.0
-422.0
-128.0
222.0
908.0
1151.0
992.0
374.0
-546.0
-549.0
-404.0
-520.0
-159.0
324.0
737.0
953.0
796.0
281.0
-504.0
-1070.0
-1132.0
-788.0
706.0
729.0
495.0
423.0
102.0
-307.0
-449.0
-135.0
377.0
245.0
84.0
-152.0
-377.0
-218.0
159.0
610.0
940.0
857.0
218.0
-69.0
68.0
-178.0
-489.0
-607.0
-506.0
143.0
791.0
1170.0
1244.0
637.0
-413.0
-941.0
-1037.0
-767.0
-53.0
719.0
1183.0
1326.0
1036.0
470.0
-133.0
-814.0
-1003.0
-721.0
-80.0
644.0
829.0
409.0
-1.0
-210.0
37.0
436.0
501.0
547.0
631.0
479.0
286.0
-123.0
-573.0
-939.0
-892.0
-340.0
155.0
669.0
