Gv1b1164_133
1
RAW_AUDIO_STREAM
1600
-2155.0
-2545.0
-1975.0
-1168.0
254.0
1702.0
1540.0
1325.0
1373.0
196.0
-610.0
-815.0
-1074.0
-863.0
431.0
1299.0
1734.0
1619.0
305.0
-1015.0
-1364.0
-437.0
351.0
56.0
-114.0
767.0
1535.0
779.0
-538.0
-1362.0
-1973.0
-832.0
957.0
1978.0
2366.0
1521.0
303.0
-317.0
-1675.0
-2226.0
-1616.0
-814.0
-160.0
1302.0
2681.0
1889.0
1638.0
1096.0
-483.0
-1319.0
-1331.0
-1024.0
-665.0
458.0
2213.0
2343.0
811.0
-505.0
-1299.0
-2060.0
-1847.0
-245.0
1580.0
1876.0
1568.0
728.0
-801.0
-1030.0
-366.0
-272.0
402.0
776.0
565.0
977.0
983.0
172.0
-1063.0
-1420.0
-939.0
-756.0
-8.0
1339.0
1708.0
1369.0
1906.0
904.0
-1257.0
-1892.0
-1996.0
-1613.0
172.0
2476.0
2206.0
749.0
104.0
-51.0
-293.0
-334.0
-554.0
-853.0
-848.0
403.0
1955.0
1920.0
1344.0
-172.0
-1460.0
-824.0
-405.0
-793.0
-91.0
1260.0
1576.0
1021.0
272.0
-598.0
-1690.0
-1569.0
-389.0
553.0
2234.0
2640.0
925.0
-447.0
-1355.0
-1146.0
-501.0
-577.0
-630.0
397.0
1063.0
1569.0
2007.0
895.0
-515.0
-863.0
-885.0
-810.0
-558.0
-273.0
887.0
2096.0
1809.0
618.0
-950.0
-2037.0
-1876.0
-906.0
669.0
1858.0
1519.0
484.0
268.0
331.0
-174.0
-904.0
-601.0
292.0
1034.0
1823.0
1736.0
176.0
-1918.0
-2180.0
-1060.0
-859.0
151.0
1470.0
1696.0
1993.0
2249.0
1186.0
-1007.0
-2435.0
-2643.0
-1800.0
-73.0
1865.0
2348.0
1899.0
821.0
-397.0
-1011.0
-1377.0
-1560.0
-476.0
775.0
1228.0
1407.0
1783.0
1743.0
280.0
-1330.0
-1247.0
-687.0
-536.0
294.0
890.0
620.0
82.0
-23.0
301.0
-385.0
-1391.0
-816.0
465.0
1992.0
2849.0
1164.0
-316.0
-1004.0
-1753.0
-1816.0
-993.0
-409.0
79.0
815.0
1691.0
2014.0
1750.0
188.0
-759.0
-1361.0
-1451.0
86.0
1195.0
1635.0
2276.0
1182.0
-488.0
-639.0
-1463.0
-2242.0
-1762.0
-217.0
1367.0
1997.0
1523.0
562.0
-371.0
32.0
281.0
-581.0
-409.0
359.0
465.0
1372.0
1078.0
-469.0
-1405.0
-2027.0
-2033.0
-828.0
1020.0
2157.0
2768.0
-630.0
397.0
1063.0
1569.0
2007.0
895.0
-515.0
-863.0
-885.0
-810.0
-558.0
-273.0
887.0
2096.0
1809.0
618.0
-950.0
-2037.0
-1876.0
-906.0
669.0
1858.0
1519.0
484.0
268.0
331.0
-174.0
-904.0
-601.0
292.0
1034.0
1823.0
1736.0
176.0
-1918.0
-2180.0
-1060.0
-859.0
151.0
1470.0
1696.0
1993.0
2249.0
1186.0
-1007.0
-2435.0
-2643.0
-1800.0
-73.0
1865.0
2348.0
1899.0
821.0
-397.0
-1011.0
-1377.0
-1560.0
-476.0
775.0
1228.0
1407.0
1783.0
1743.0
280.0
-1330.0
-1247.0
-687.0
-536.0
294.0
890.0
620.0
82.0
-23.0
301.0
-385.0
-1391.0
-816.0
465.0
1992.0
2849.0
1164.0
-316.0
-1004.0
-1753.0
-1816.0
-993.0
-409.0
79.0
815.0
1691.0
2014.0
1750.0
188.0
-759.0
-1361.0
-1451.0
86.0
1195.0
1635.0
2276.0
1182.0
-488.0
-639.0
-1463.0
-2242.0
-1762.0
-217.0
1367.0
1997.0
1523.0
562.0
-371.0
32.0
281.0
-581.0
-409.0
359.0
465.0
1372.0
1078.0
-469.0
-1405.0
-2027.0
-2033.0
-828.0
1020.0
2157.0
2768.0
2705.0
1632.0
559.0
-963.0
-2315.0
-2558.0
-1670.0
286.0
1773.0
2313.0
1405.0
114.0
-263.0
-885.0
-1218.0
-687.0
-186.0
140.0
1055.0
1653.0
1091.0
949.0
-26.0
-1500.0
-858.0
-203.0
-945.0
-589.0
1492.0
1485.0
664.0
617.0
-565.0
-1621.0
-614.0
812.0
1131.0
1635.0
1614.0
65.0
-363.0
-532.0
-1548.0
-1809.0
-1038.0
-6.0
899.0
1150.0
1871.0
1865.0
855.0
-473.0
-1762.0
-1300.0
-123.0
581.0
846.0
1300.0
1601.0
847.0
-638.0
-1232.0
-1503.0
-2002.0
-498.0
1376.0
1581.0
1508.0
809.0
62.0
184.0
88.0
-373.0
-474.0
-333.0
308.0
783.0
1503.0
800.0
-611.0
-1337.0
-1538.0
-1192.0
23.0
652.0
893.0
1315.0
2420.0
2238.0
655.0
-1736.0
-3217.0
-2849.0
-1605.0
554.0
2994.0
2601.0
1189.0
431.0
-518.0
-1062.0
-880.0
-200.0
-8.0
545.0
1230.0
1049.0
1189.0
531.0
-544.0
-805.0
49.0
124.0
-679.0
-557.0
581.0
1196.0
279.0
-351.0
-345.0
-731.0
-945.0
-550.0
36.0
1396.0
2165.0
961.0
-13.0
2705.0
1632.0
559.0
-963.0
-2315.0
-2558.0
-1670.0
286.0
1773.0
2313.0
1405.0
114.0
-263.0
-885.0
-1218.0
-687.0
-186.0
140.0
1055.0
1653.0
1091.0
949.0
-26.0
-1500.0
-858.0
-203.0
-945.0
-589.0
1492.0
1485.0
664.0
617.0
-565.0
-1621.0
-614.0
812.0
1131.0
1635.0
1614.0
65.0
-363.0
-532.0
-1548.0
-1809.0
-1038.0
-6.0
899.0
1150.0
1871.0
1865.0
855.0
-473.0
-1762.0
-1300.0
-123.0
581.0
846.0
1300.0
1601.0
847.0
-638.0
-1232.0
-1503.0
-2002.0
-498.0
1376.0
1581.0
1508.0
809.0
62.0
184.0
88.0
-373.0
-474.0
-333.0
308.0
783.0
1503.0
800.0
-611.0
-1337.0
-1538.0
-1192.0
23.0
652.0
893.0
1315.0
2420.0
2238.0
655.0
-1736.0
-3217.0
-2849.0
-1605.0
554.0
2994.0
2601.0
1189.0
431.0
-518.0
-1062.0
-880.0
-200.0
-8.0
545.0
1230.0
1049.0
1189.0
531.0
-544.0
-805.0
49.0
124.0
-679.0
-557.0
581.0
1196.0
279.0
-351.0
-345.0
-731.0
-945.0
-550.0
36.0
1396.0
2165.0
961.0
-13.0
-182.0
-454.0
-1356.0
-1250.0
-445.0
710.0
1444.0
1365.0
1069.0
1781.0
814.0
-1074.0
-913.0
-938.0
-1380.0
-239.0
841.0
1662.0
2252.0
768.0
-1284.0
-1558.0
-1013.0
-1010.0
-706.0
374.0
1384.0
1959.0
1493.0
-248.0
-701.0
-493.0
-893.0
-422.0
243.0
1202.0
1628.0
1046.0
775.0
-513.0
-1745.0
-1908.0
-659.0
651.0
1439.0
1729.0
1687.0
1315.0
980.0
-380.0
-1956.0
-2298.0
-2107.0
-913.0
918.0
1921.0
1731.0
1209.0
770.0
182.0
-691.0
-1308.0
-933.0
-467.0
574.0
1508.0
1588.0
1697.0
839.0
-1132.0
-1825.0
-194.0
676.0
-139.0
84.0
811.0
393.0
-12.0
364.0
-311.0
-1222.0
-1518.0
-555.0
1150.0
2196.0
1808.0
577.0
0.0
-434.0
-1119.0
-1207.0
-376.0
-104.0
366.0
1298.0
1124.0
942.0
853.0
-373.0
-1377.0
-786.0
-100.0
-409.0
443.0
1228.0
1428.0
999.0
367.0
188.0
-824.0
-909.0
-982.0
-784.0
20.0
639.0
1180.0
1228.0
551.0
-31.0
-122.0
-469.0
-365.0
354.0
804.0
1276.0
613.0
-531.0
-1087.0
-182.0
-454.0
-1356.0
-1250.0
-445.0
710.0
1444.0
1365.0
1069.0
1781.0
814.0
-1074.0
-913.0
-938.0
-1380.0
-239.0
841.0
1662.0
2252.0
768.0
-1284.0
-1558.0
-1013.0
-1010.0
-706.0
374.0
1384.0
1959.0
1493.0
-248.0
-701.0
-493.0
-893.0
-422.0
243.0
1202.0
1628.0
1046.0
775.0
-513.0
-1745.0
-1908.0
-659.0
651.0
1439.0
1729.0
1687.0
1315.0
980.0
-380.0
-1956.0
-2298.0
-2107.0
-913.0
918.0
1921.0
1731.0
1209.0
770.0
182.0
-691.0
-1308.0
-933.0
-467.0
574.0
1508.0
1588.0
1697.0
839.0
-1132.0
-1825.0
-194.0
676.0
-139.0
84.0
811.0
393.0
-12.0
364.0
-311.0
-1222.0
-1518.0
-555.0
1150.0
2196.0
1808.0
577.0
0.0
-434.0
-1119.0
-1207.0
-376.0
-104.0
366.0
1298.0
1124.0
942.0
853.0
-373.0
-1377.0
-786.0
-100.0
-409.0
443.0
1228.0
1428.0
999.0
367.0
188.0
-824.0
-909.0
-982.0
-784.0
20.0
639.0
1180.0
1228.0
551.0
-31.0
-122.0
-469.0
-365.0
354.0
804.0
1276.0
613.0
-531.0
-1087.0
-1554.0
-1184.0
279.0
1225.0
776.0
734.0
1563.0
2267.0
1252.0
-1015.0
-2184.0
-2241.0
-1773.0
28.0
1316.0
1475.0
1613.0
1301.0
622.0
-170.0
-911.0
-1528.0
-902.0
131.0
772.0
720.0
684.0
1362.0
1403.0
-349.0
-705.0
544.0
-53.0
-1452.0
-934.0
730.0
844.0
450.0
559.0
-476.0
-1275.0
-817.0
166.0
1383.0
2129.0
948.0
-162.0
552.0
-160.0
-1395.0
-1172.0
-1506.0
-528.0
935.0
1711.0
2356.0
1975.0
75.0
-732.0
-1564.0
-2062.0
-4.0
1301.0
472.0
1426.0
1900.0
597.0
-128.0
-1061.0
-1909.0
-2172.0
-1257.0
697.0
1497.0
1635.0
1191.0
-1.0
430.0
905.0
80.0
-207.0
-111.0
-268.0
740.0
986.0
392.0
-916.0
-1325.0
-1123.0
-718.0
267.0
859.0
886.0
886.0
1969.0
1976.0
-66.0
-1663.0
-1808.0
-1680.0
-919.0
1334.0
2207.0
1611.0
494.0
-752.0
-908.0
-169.0
-192.0
-706.0
-539.0
202.0
1360.0
2288.0
1497.0
347.0
-450.0
-1084.0
-603.0
-347.0
-439.0
7.0
850.0
1250.0
320.0
-192.0
-568.0
-1018.0
-1554.0
-1184.0
279.0
1225.0
776.0
734.0
1563.0
2267.0
1252.0
-1015.0
-2184.0
-2241.0
-1773.0
28.0
1316.0
1475.0
1613.0
1301.0
622.0
-170.0
-911.0
-1528.0
-902.0
131.0
772.0
720.0
684.0
1362.0
1403.0
-349.0
-705.0
544.0
-53.0
-1452.0
-934.0
730.0
844.0
450.0
559.0
-476.0
-1275.0
-817.0
166.0
1383.0
2129.0
948.0
-162.0
552.0
-160.0
-1395.0
-1172.0
-1506.0
-528.0
935.0
1711.0
2356.0
1975.0
75.0
-732.0
-1564.0
-2062.0
-4.0
1301.0
472.0
1426.0
1900.0
597.0
-128.0
-1061.0
-1909.0
-2172.0
-1257.0
697.0
1497.0
1635.0
1191.0
-1.0
430.0
905.0
80.0
-207.0
-111.0
-268.0
740.0
986.0
392.0
-916.0
-1325.0
-1123.0
-718.0
267.0
859.0
886.0
886.0
1969.0
1976.0
-66.0
-1663.0
-1808.0
-1680.0
-919.0
1334.0
2207.0
1611.0
494.0
-752.0
-908.0
-169.0
-192.0
-706.0
-539.0
202.0
1360.0
2288.0
1497.0
347.0
-450.0
-1084.0
-603.0
-347.0
-439.0
7.0
850.0
1250.0
320.0
-192.0
-568.0
-1018.0
-1037.0
-14.0
895.0
1693.0
1995.0
1046.0
167.0
-1079.0
-2107.0
-1809.0
-698.0
257.0
902.0
1532.0
1316.0
1416.0
875.0
-598.0
-180.0
-503.0
-1322.0
-401.0
610.0
1412.0
2182.0
1445.0
233.0
-860.0
-2013.0
-2170.0
-1676.0
220.0
1428.0
1135.0
936.0
406.0
512.0
961.0
345.0
-603.0
-541.0
-31.0
926.0
1003.0
489.0
-894.0
-1893.0
-1006.0
-317.0
56.0
1216.0
1530.0
979.0
1420.0
1917.0
580.0
-881.0
-1544.0
-2436.0
-2376.0
8.0
2519.0
2513.0
1296.0
-318.0
-1732.0
-731.0
328.0
93.0
151.0
704.0
516.0
385.0
828.0
468.0
183.0
-446.0
-248.0
-149.0
-225.0
151.0
711.0
230.0
-345.0
421.0
569.0
-522.0
-1372.0
-884.0
456.0
2079.0
2800.0
878.0
-416.0
-1304.0
-2003.0
-982.0
357.0
-535.0
-726.0
574.0
1628.0
2387.0
1920.0
147.0
-980.0
-1316.0
-869.0
-259.0
208.0
867.0
1552.0
1277.0
788.0
-679.0
-2153.0
-2307.0
-1192.0
1188.0
2161.0
1833.0
1428.0
83.0
-254.0
-190.0
-700.0
-879.0
-198.0
-1037.0
-14.0
895.0
1693.0
1995.0
1046.0
167.0
-1079.0
-2107.0
-1809.0
-698.0
257.0
902.0
1532.0
1316.0
1416.0
875.0
-598.0
-180.0
-503.0
-1322.0
-401.0
610.0
1412.0
2182.0
1445.0
233.0
-860.0
-2013.0
-2170.0
-1676.0
220.0
1428.0
1135.0
936.0
406.0
512.0
961.0
345.0
-603.0
-541.0
-31.0
926.0
1003.0
489.0
-894.0
-1893.0
-1006.0
-317.0
56.0
1216.0
1530.0
979.0
1420.0
1917.0
580.0
-881.0
-1544.0
-2436.0
-2376.0
8.0
2519.0
2513.0
1296.0
-318.0
-1732.0
-731.0
328.0
93.0
151.0
704.0
516.0
385.0
828.0
468.0
183.0
-446.0
-248.0
-149.0
-225.0
151.0
711.0
230.0
-345.0
421.0
569.0
-522.0
-1372.0
-884.0
456.0
2079.0
2800.0
878.0
-416.0
-1304.0
-2003.0
-982.0
357.0
-535.0
-726.0
574.0
1628.0
2387.0
1920.0
147.0
-980.0
-1316.0
-869.0
-259.0
208.0
867.0
1552.0
1277.0
788.0
-679.0
-2153.0
-2307.0
-1192.0
1188.0
2161.0
1833.0
1428.0
83.0
-254.0
-190.0
-700.0
-879.0
-198.0
163.0
1333.0
1442.0
-451.0
-1355.0
-1065.0
-748.0
-164.0
267.0
638.0
1613.0
1506.0
1152.0
1229.0
49.0
-1786.0
-2333.0
-1684.0
-673.0
1134.0
1986.0
1568.0
858.0
1091.0
391.0
-417.0
-1007.0
-1387.0
-269.0
-156.0
618.0
900.0
1020.0
1709.0
271.0
-1016.0
-1388.0
-1297.0
-453.0
879.0
1023.0
621.0
442.0
97.0
-355.0
-1164.0
-739.0
477.0
1570.0
2575.0
1034.0
-40.0
-748.0
-973.0
-1412.0
-551.0
444.0
325.0
760.0
1625.0
2213.0
1672.0
-317.0
-1997.0
-2071.0
-1606.0
-580.0
1294.0
1596.0
1693.0
1443.0
544.0
43.0
-1553.0
-2430.0
-1389.0
430.0
1800.0
1764.0
1013.0
24.0
-335.0
-338.0
-501.0
-1.0
476.0
-21.0
526.0
1798.0
1319.0
-664.0
-1252.0
-1590.0
-1918.0
-470.0
986.0
976.0
1690.0
2641.0
1914.0
531.0
-1065.0
-2679.0
-3055.0
-1405.0
662.0
1922.0
2359.0
1233.0
472.0
-12.0
-564.0
-889.0
-657.0
-453.0
-273.0
271.0
1078.0
1879.0
1783.0
91.0
-1215.0
-747.0
-34.0
-146.0
1102.0
1269.0
-855.0
163.0
1333.0
1442.0
-451.0
-1355.0
-1065.0
-748.0
-164.0
267.0
638.0
1613.0
1506.0
1152.0
1229.0
49.0
-1786.0
-2333.0
-1684.0
-673.0
1134.0
1986.0
1568.0
858.0
1091.0
391.0
-417.0
-1007.0
-1387.0
-269.0
-156.0
618.0
900.0
1020.0
1709.0
271.0
-1016.0
-1388.0
-1297.0
-453.0
879.0
1023.0
621.0
442.0
97.0
-355.0
-1164.0
-739.0
477.0
1570.0
2575.0
1034.0
-40.0
-748.0
-973.0
-1412.0
-551.0
444.0
325.0
760.0
1625.0
2213.0
1672.0
-317.0
-1997.0
