Gv1b1164_138
1
RAW_AUDIO_STREAM
1600
-2693.0
-1273.0
1242.0
1632.0
2219.0
864.0
-404.0
-162.0
-392.0
-81.0
444.0
318.0
765.0
1863.0
699.0
-129.0
-1771.0
-2547.0
-915.0
662.0
270.0
880.0
2104.0
1960.0
1398.0
963.0
-1082.0
-2515.0
-1939.0
-1597.0
-323.0
1960.0
2292.0
1125.0
262.0
-225.0
-131.0
-85.0
-486.0
-867.0
-439.0
193.0
1421.0
1694.0
539.0
88.0
-186.0
-359.0
24.0
209.0
-448.0
285.0
1374.0
273.0
-791.0
-890.0
-1098.0
-360.0
221.0
1351.0
2734.0
2040.0
445.0
-772.0
-2101.0
-3132.0
-2598.0
-769.0
1240.0
2767.0
1985.0
1183.0
1941.0
683.0
-890.0
-1739.0
-1503.0
-957.0
1178.0
2606.0
2183.0
1562.0
-568.0
-1841.0
-1497.0
-1866.0
-1811.0
59.0
1783.0
2371.0
2433.0
111.0
-1119.0
-929.0
-246.0
632.0
795.0
313.0
-643.0
-32.0
350.0
-1386.0
-1580.0
-506.0
-284.0
1327.0
2468.0
1705.0
1311.0
959.0
325.0
265.0
-822.0
-2290.0
-2255.0
-1159.0
329.0
2908.0
3195.0
1296.0
-854.0
-1727.0
-827.0
-728.0
-569.0
94.0
345.0
1468.0
2545.0
1762.0
64.0
-2083.0
-2605.0
-908.0
177.0
938.0
2111.0
700.0
-1042.0
-614.0
-183.0
-1003.0
-10.0
1037.0
1468.0
2909.0
2290.0
-58.0
-1462.0
-2412.0
-2476.0
-1137.0
-235.0
702.0
1276.0
1278.0
2113.0
2156.0
390.0
-158.0
-1204.0
-2072.0
-565.0
421.0
-179.0
416.0
2240.0
845.0
-264.0
-1379.0
-1680.0
-1162.0
-562.0
1391.0
2223.0
1757.0
767.0
-537.0
-882.0
-242.0
515.0
947.0
1163.0
316.0
768.0
157.0
-1821.0
-1505.0
-1792.0
-1338.0
913.0
861.0
1593.0
3127.0
2135.0
720.0
-1016.0
-2314.0
-2085.0
-2765.0
-1321.0
1878.0
2618.0
3324.0
2287.0
-534.0
-1174.0
-1434.0
-1517.0
-447.0
-235.0
516.0
1106.0
998.0
1773.0
1114.0
88.0
-408.0
-982.0
-258.0
179.0
-39.0
704.0
221.0
-482.0
32.0
13.0
-407.0
-621.0
-1281.0
-220.0
2487.0
2358.0
460.0
130.0
-1102.0
-2161.0
-1423.0
-328.0
9.0
421.0
1898.0
2989.0
2644.0
216.0
-1294.0
-1065.0
-953.0
60.0
414.0
249.0
110.0
1296.0
1678.0
-448.0
-1374.0
2545.0
1762.0
64.0
-2083.0
-2605.0
-908.0
177.0
938.0
2111.0
700.0
-1042.0
-614.0
-183.0
-1003.0
-10.0
1037.0
1468.0
2909.0
2290.0
-58.0
-1462.0
-2412.0
-2476.0
-1137.0
-235.0
702.0
1276.0
1278.0
2113.0
2156.0
390.0
-158.0
-1204.0
-2072.0
-565.0
421.0
-179.0
416.0
2240.0
845.0
-264.0
-1379.0
-1680.0
-1162.0
-562.0
1391.0
2223.0
1757.0
767.0
-537.0
-882.0
-242.0
515.0
947.0
1163.0
316.0
768.0
157.0
-1821.0
-1505.0
-1792.0
-1338.0
913.0
861.0
1593.0
3127.0
2135.0
720.0
-1016.0
-2314.0
-2085.0
-2765.0
-1321.0
1878.0
2618.0
3324.0
2287.0
-534.0
-1174.0
-1434.0
-1517.0
-447.0
-235.0
516.0
1106.0
998.0
1773.0
1114.0
88.0
-408.0
-982.0
-258.0
179.0
-39.0
704.0
221.0
-482.0
32.0
13.0
-407.0
-621.0
-1281.0
-220.0
2487.0
2358.0
460.0
130.0
-1102.0
-2161.0
-1423.0
-328.0
9.0
421.0
1898.0
2989.0
2644.0
216.0
-1294.0
-1065.0
-953.0
60.0
414.0
249.0
110.0
1296.0
1678.0
-448.0
-1374.0
-1850.0
-1501.0
418.0
1399.0
1659.0
1048.0
-885.0
-1691.0
-1146.0
14.0
586.0
998.0
901.0
1181.0
1168.0
911.0
-500.0
-1271.0
-1551.0
-841.0
1468.0
831.0
359.0
1553.0
880.0
1127.0
1152.0
-1827.0
-2747.0
-2020.0
-1341.0
1168.0
2814.0
2534.0
1371.0
159.0
-789.0
-965.0
-1046.0
-1451.0
-810.0
686.0
1109.0
1230.0
1660.0
917.0
-1128.0
-855.0
249.0
-265.0
343.0
513.0
692.0
84.0
-762.0
90.0
-492.0
-1176.0
-36.0
879.0
2500.0
3184.0
926.0
-843.0
-2104.0
-2917.0
-1217.0
-112.0
-94.0
1139.0
1753.0
1652.0
1494.0
-54.0
-1104.0
-1332.0
-1389.0
-128.0
538.0
966.0
1945.0
2133.0
1076.0
-511.0
-1448.0
-1865.0
-1994.0
-564.0
1555.0
1876.0
2156.0
1078.0
-645.0
-1292.0
-775.0
-403.0
-161.0
416.0
926.0
1737.0
1811.0
-381.0
-1520.0
-2003.0
-2455.0
-926.0
-70.0
1285.0
2924.0
2852.0
1859.0
477.0
-2185.0
-2721.0
-2319.0
-1324.0
1560.0
3384.0
3210.0
1675.0
127.0
-1482.0
-1494.0
-886.0
-675.0
-765.0
-445.0
604.0
-1850.0
-1501.0
418.0
1399.0
1659.0
1048.0
-885.0
-1691.0
-1146.0
14.0
586.0
998.0
901.0
1181.0
1168.0
911.0
-500.0
-1271.0
-1551.0
-841.0
1468.0
831.0
359.0
1553.0
880.0
1127.0
1152.0
-1827.0
-2747.0
-2020.0
-1341.0
1168.0
2814.0
2534.0
1371.0
159.0
-789.0
-965.0
-1046.0
-1451.0
-810.0
686.0
1109.0
1230.0
1660.0
917.0
-1128.0
-855.0
249.0
-265.0
343.0
513.0
692.0
84.0
-762.0
90.0
-492.0
-1176.0
-36.0
879.0
2500.0
3184.0
926.0
-843.0
-2104.0
-2917.0
-1217.0
-112.0
-94.0
1139.0
1753.0
1652.0
1494.0
-54.0
-1104.0
-1332.0
-1389.0
-128.0
538.0
966.0
1945.0
2133.0
1076.0
-511.0
-1448.0
-1865.0
-1994.0
-564.0
1555.0
1876.0
2156.0
1078.0
-645.0
-1292.0
-775.0
-403.0
-161.0
416.0
926.0
1737.0
1811.0
-381.0
-1520.0
-2003.0
-2455.0
-926.0
-70.0
1285.0
2924.0
2852.0
1859.0
477.0
-2185.0
-2721.0
-2319.0
-1324.0
1560.0
3384.0
3210.0
1675.0
127.0
-1482.0
-1494.0
-886.0
-675.0
-765.0
-445.0
604.0
1652.0
2128.0
1775.0
-478.0
-2286.0
-1071.0
330.0
511.0
1210.0
779.0
-1020.0
-488.0
-468.0
-947.0
-329.0
-255.0
469.0
2216.0
3109.0
1419.0
-510.0
-1126.0
-1450.0
-1307.0
-1281.0
-1021.0
463.0
2358.0
2438.0
2544.0
950.0
-1778.0
-2101.0
-1173.0
-1061.0
228.0
1295.0
2160.0
2083.0
562.0
-678.0
-2036.0
-2405.0
-1477.0
-77.0
678.0
1735.0
2179.0
952.0
-637.0
-65.0
220.0
-447.0
-43.0
712.0
1119.0
1489.0
1117.0
-473.0
-1573.0
-2121.0
-1778.0
177.0
1188.0
1684.0
2469.0
1915.0
1343.0
-232.0
-2334.0
-2648.0
-2518.0
-1915.0
1472.0
3079.0
2214.0
970.0
-443.0
-1005.0
48.0
63.0
-545.0
-241.0
273.0
604.0
1125.0
1718.0
1509.0
182.0
-1025.0
-162.0
-58.0
-946.0
-402.0
141.0
56.0
-708.0
-718.0
101.0
-291.0
-339.0
1149.0
1938.0
3224.0
1970.0
-8.0
-1803.0
-4007.0
-3178.0
-870.0
475.0
1700.0
2700.0
1895.0
1479.0
1010.0
-641.0
-1850.0
-1455.0
-689.0
465.0
1226.0
1213.0
1916.0
1126.0
-819.0
-710.0
-1044.0
1652.0
2128.0
1775.0
-478.0
-2286.0
-1071.0
330.0
511.0
1210.0
779.0
-1020.0
-488.0
-468.0
-947.0
-329.0
-255.0
469.0
2216.0
3109.0
1419.0
-510.0
-1126.0
-1450.0
-1307.0
-1281.0
-1021.0
463.0
2358.0
2438.0
2544.0
950.0
-1778.0
-2101.0
-1173.0
-1061.0
228.0
1295.0
2160.0
2083.0
562.0
-678.0
-2036.0
-2405.0
-1477.0
-77.0
678.0
1735.0
2179.0
952.0
-637.0
-65.0
220.0
-447.0
-43.0
712.0
1119.0
1489.0
1117.0
-473.0
-1573.0
-2121.0
-1778.0
177.0
1188.0
1684.0
2469.0
1915.0
1343.0
-232.0
-2334.0
-2648.0
-2518.0
-1915.0
1472.0
3079.0
2214.0
970.0
-443.0
-1005.0
48.0
63.0
-545.0
-241.0
273.0
604.0
1125.0
1718.0
1509.0
182.0
-1025.0
-162.0
-58.0
-946.0
-402.0
141.0
56.0
-708.0
-718.0
101.0
-291.0
-339.0
1149.0
1938.0
3224.0
1970.0
-8.0
-1803.0
-4007.0
-3178.0
-870.0
475.0
1700.0
2700.0
1895.0
1479.0
1010.0
-641.0
-1850.0
-1455.0
-689.0
465.0
1226.0
1213.0
1916.0
1126.0
-819.0
-710.0
-1044.0
-1746.0
-782.0
81.0
1171.0
1754.0
1111.0
41.0
-589.0
287.0
804.0
-187.0
-584.0
-451.0
10.0
1540.0
1023.0
-551.0
-1426.0
-2142.0
-786.0
1269.0
857.0
1688.0
1920.0
475.0
2456.0
1281.0
-2130.0
-2720.0
-3254.0
-1703.0
1797.0
3005.0
3303.0
1295.0
-1202.0
-1058.0
-709.0
-1071.0
-560.0
-473.0
110.0
1089.0
1524.0
1632.0
502.0
-877.0
-846.0
-621.0
-178.0
468.0
1545.0
1165.0
-871.0
-919.0
-409.0
-1232.0
-904.0
183.0
812.0
2351.0
3907.0
1136.0
-646.0
-1070.0
-2369.0
-2124.0
-1267.0
-193.0
1026.0
1887.0
2468.0
2060.0
539.0
199.0
-1400.0
-2304.0
-2038.0
-790.0
313.0
1538.0
2508.0
1896.0
831.0
-423.0
-1862.0
-2117.0
-1420.0
-52.0
2092.0
2601.0
926.0
-462.0
-853.0
-937.0
-62.0
1001.0
1096.0
882.0
1046.0
1249.0
-991.0
-2177.0
-916.0
-1299.0
-336.0
1580.0
1915.0
1487.0
954.0
475.0
-218.0
-2222.0
-2365.0
-1469.0
-549.0
1680.0
2874.0
1915.0
337.0
71.0
-585.0
-439.0
137.0
-278.0
-1042.0
107.0
1848.0
-1746.0
-782.0
81.0
1171.0
1754.0
1111.0
41.0
-589.0
287.0
804.0
-187.0
-584.0
-451.0
10.0
1540.0
1023.0
-551.0
-1426.0
-2142.0
-786.0
1269.0
857.0
1688.0
1920.0
475.0
2456.0
1281.0
-2130.0
-2720.0
-3254.0
-1703.0
1797.0
3005.0
3303.0
1295.0
-1202.0
-1058.0
-709.0
-1071.0
-560.0
-473.0
110.0
1089.0
1524.0
1632.0
502.0
-877.0
-846.0
-621.0
-178.0
468.0
1545.0
1165.0
-871.0
-919.0
-409.0
-1232.0
-904.0
183.0
812.0
2351.0
3907.0
1136.0
-646.0
-1070.0
-2369.0
-2124.0
-1267.0
-193.0
1026.0
1887.0
2468.0
2060.0
539.0
199.0
-1400.0
-2304.0
-2038.0
-790.0
313.0
1538.0
2508.0
1896.0
831.0
-423.0
-1862.0
-2117.0
-1420.0
-52.0
2092.0
2601.0
926.0
-462.0
-853.0
-937.0
-62.0
1001.0
1096.0
882.0
1046.0
1249.0
-991.0
-2177.0
-916.0
-1299.0
-336.0
1580.0
1915.0
1487.0
954.0
475.0
-218.0
-2222.0
-2365.0
-1469.0
-549.0
1680.0
2874.0
1915.0
337.0
71.0
-585.0
-439.0
137.0
-278.0
-1042.0
107.0
1848.0
1629.0
1569.0
570.0
-1931.0
-1669.0
-206.0
119.0
320.0
578.0
855.0
590.0
157.0
-706.0
-2548.0
-2148.0
-173.0
1431.0
2959.0
3510.0
1225.0
-567.0
-1415.0
-2404.0
-2260.0
-829.0
344.0
1871.0
3570.0
3115.0
1427.0
-748.0
-2596.0
-3320.0
-1447.0
671.0
1408.0
1312.0
1960.0
2021.0
-54.0
-1712.0
-2028.0
-1450.0
245.0
1160.0
1130.0
591.0
325.0
-531.0
-368.0
113.0
146.0
990.0
-44.0
783.0
1472.0
417.0
-72.0
-1350.0
-1579.0
-308.0
13.0
486.0
891.0
1167.0
1741.0
1057.0
81.0
-996.0
-1903.0
-2091.0
-1570.0
-179.0
1773.0
2873.0
2573.0
1318.0
-235.0
-913.0
-1364.0
-1903.0
-292.0
-42.0
169.0
1460.0
2285.0
1678.0
-460.0
-1509.0
-1224.0
-747.0
76.0
1083.0
1692.0
580.0
-468.0
538.0
-334.0
-1485.0
-706.0
-318.0
564.0
2425.0
2087.0
430.0
-210.0
-1451.0
-1890.0
-979.0
-130.0
389.0
501.0
806.0
2317.0
2121.0
-292.0
-961.0
-1130.0
-1756.0
-1130.0
769.0
1219.0
1718.0
1438.0
535.0
-108.0
-1393.0
-1096.0
1629.0
1569.0
570.0
-1931.0
-1669.0
-206.0
119.0
320.0
578.0
855.0
590.0
157.0
-706.0
-2548.0
-2148.0
-173.0
1431.0
2959.0
3510.0
1225.0
-567.0
-1415.0
-2404.0
-2260.0
-829.0
344.0
1871.0
3570.0
3115.0
1427.0
-748.0
-2596.0
-3320.0
-1447.0
671.0
1408.0
1312.0
1960.0
2021.0
-54.0
-1712.0
-2028.0
-1450.0
245.0
1160.0
1130.0
591.0
325.0
-531.0
-368.0
113.0
146.0
990.0
-44.0
783.0
1472.0
417.0
-72.0
-1350.0
-1579.0
-308.0
13.0
486.0
891.0
1167.0
1741.0
1057.0
81.0
-996.0
-1903.0
-2091.0
-1570.0
-179.0
1773.0
2873.0
2573.0
1318.0
-235.0
-913.0
-1364.0
-1903.0
-292.0
-42.0
169.0
1460.0
2285.0
1678.0
-460.0
-1509.0
-1224.0
-747.0
76.0
1083.0
1692.0
580.0
-468.0
538.0
-334.0
-1485.0
-706.0
-318.0
564.0
2425.0
2087.0
430.0
-210.0
-1451.0
-1890.0
-979.0
-130.0
389.0
501.0
806.0
2317.0
2121.0
-292.0
-961.0
-1130.0
-1756.0
-1130.0
769.0
1219.0
1718.0
1438.0
535.0
-108.0
-1393.0
-1096.0
-828.0
-412.0
1692.0
2091.0
1191.0
315.0
-965.0
-1663.0
-332.0
301.0
36.0
341.0
1930.0
2638.0
543.0
-2367.0
-2502.0
-2821.0
-1562.0
1887.0
2312.0
2091.0
2194.0
699.0
368.0
-877.0
-2428.0
-1817.0
-1487.0
591.0
2838.0
2264.0
797.0
-219.0
-762.0
-838.0
-556.0
139.0
620.0
-993.0
-26.0
1606.0
1605.0
1613.0
-226.0
-1447.0
-107.0
296.0
-576.0
-643.0
140.0
-182.0
97.0
712.0
-271.0
-1374.0
-904.0
633.0
1490.0
2198.0
1675.0
208.0
55.0
-666.0
-1984.0
-1556.0
-47.0
334.0
903.0
1538.0
2184.0
1700.0
-66.0
-969.0
-1093.0
-1613.0
-842.0
-347.0
957.0
2275.0
1831.0
-159.0
-1391.0
-1601.0
-1493.0
-1142.0
-99.0
1291.0
2416.0
1724.0
586.0
-319.0
-1313.0
-493.0
910.0
930.0
1059.0
932.0
759.0
360.0
-1556.0
-1930.0
-943.0
-623.0
38.0
622.0
1763.0
2127.0
996.0
1053.0
208.0
-1777.0
-1652.0
-2186.0
-1465.0
377.0
1716.0
3108.0
1997.0
55.0
-264.0
-1273.0
-1429.0
-65.0
-437.0
488.0
1436.0
1205.0
-828.0
-412.0
1692.0
2091.0
1191.0
315.0
-965.0
-1663.0
-332.0
301.0
36.0
341.0
1930.0
2638.0
543.0
-2367.0
-2502.0
-2821.0
-1562.0
1887.0
2312.0
2091.0
2194.0
699.0
368.0
-877.0
-2428.0
-1817.0
-1487.0
591.0
2838.0
2264.0
797.0
-219.0
-762.0
-838.0
-556.0
139.0
620.0
-993.0
-26.0
1606.0
1605.0
1613.0
-226.0
-1447.0
-107.0
296.0
-576.0
-643.0
140.0
-182.0
97.0
712.0
-271.0
-1374.0
-904.0
633.0
1490.0
2198.0
1675.0
208.0
55.0
-666.0
