Gv1b1164_113
1
RAW_AUDIO_STREAM
1600
-364.0
-261.0
-57.0
253.0
638.0
847.0
771.0
475.0
-1.0
-538.0
-817.0
-638.0
-209.0
353.0
871.0
934.0
673.0
359.0
49.0
-175.0
-281.0
-208.0
-1.0
265.0
455.0
467.0
442.0
277.0
1.0
-184.0
-211.0
-97.0
-138.0
52.0
211.0
212.0
201.0
143.0
128.0
130.0
160.0
253.0
329.0
357.0
264.0
16.0
-297.0
-256.0
-125.0
29.0
452.0
738.0
534.0
323.0
202.0
-217.0
-470.0
-368.0
-56.0
335.0
544.0
587.0
447.0
174.0
-156.0
-324.0
-225.0
-93.0
158.0
354.0
406.0
367.0
216.0
72.0
-16.0
122.0
243.0
294.0
455.0
302.0
89.0
-74.0
-254.0
-165.0
-226.0
-39.0
203.0
302.0
500.0
553.0
380.0
20.0
-188.0
-396.0
-455.0
-92.0
265.0
563.0
648.0
636.0
440.0
103.0
-176.0
-297.0
-247.0
-102.0
317.0
607.0
569.0
591.0
280.0
69.0
-95.0
-238.0
-179.0
-144.0
-51.0
47.0
19.0
-33.0
-137.0
-3.0
380.0
639.0
707.0
549.0
326.0
-90.0
-359.0
-392.0
-211.0
35.0
278.0
468.0
639.0
405.0
62.0
164.0
78.0
-11.0
127.0
85.0
331.0
450.0
500.0
378.0
-2.0
-353.0
-495.0
-409.0
-156.0
196.0
247.0
277.0
355.0
301.0
341.0
323.0
233.0
169.0
195.0
119.0
89.0
155.0
15.0
-150.0
-285.0
-235.0
-42.0
270.0
629.0
818.0
695.0
374.0
-12.0
-435.0
-559.0
-200.0
148.0
454.0
684.0
527.0
249.0
-61.0
-308.0
-313.0
-256.0
-84.0
257.0
507.0
514.0
516.0
392.0
97.0
32.0
21.0
-20.0
-20.0
-66.0
12.0
-1.0
-58.0
3.0
75.0
159.0
432.0
667.0
786.0
675.0
453.0
51.0
-463.0
-641.0
-475.0
-296.0
14.0
321.0
545.0
611.0
474.0
174.0
-113.0
-279.0
-315.0
-29.0
374.0
637.0
676.0
559.0
155.0
-254.0
-426.0
-427.0
-228.0
207.0
411.0
539.0
556.0
405.0
247.0
131.0
227.0
260.0
199.0
168.0
-7.0
-196.0
-313.0
-422.0
-317.0
-176.0
102.0
343.0
578.0
734.0
602.0
-359.0
-392.0
-211.0
35.0
278.0
468.0
639.0
405.0
62.0
164.0
78.0
-11.0
127.0
85.0
331.0
450.0
500.0
378.0
-2.0
-353.0
-495.0
-409.0
-156.0
196.0
247.0
277.0
355.0
301.0
341.0
323.0
233.0
169.0
195.0
119.0
89.0
155.0
15.0
-150.0
-285.0
-235.0
-42.0
270.0
629.0
818.0
695.0
374.0
-12.0
-435.0
-559.0
-200.0
148.0
454.0
684.0
527.0
249.0
-61.0
-308.0
-313.0
-256.0
-84.0
257.0
507.0
514.0
516.0
392.0
97.0
32.0
21.0
-20.0
-20.0
-66.0
12.0
-1.0
-58.0
3.0
75.0
159.0
432.0
667.0
786.0
675.0
453.0
51.0
-463.0
-641.0
-475.0
-296.0
14.0
321.0
545.0
611.0
474.0
174.0
-113.0
-279.0
-315.0
-29.0
374.0
637.0
676.0
559.0
155.0
-254.0
-426.0
-427.0
-228.0
207.0
411.0
539.0
556.0
405.0
247.0
131.0
227.0
260.0
199.0
168.0
-7.0
-196.0
-313.0
-422.0
-317.0
-176.0
102.0
343.0
578.0
734.0
602.0
324.0
-4.0
-210.0
-359.0
-252.0
32.0
259.0
441.0
476.0
395.0
162.0
46.0
-60.0
-150.0
83.0
309.0
496.0
676.0
553.0
264.0
57.0
-166.0
-317.0
-220.0
-98.0
-26.0
87.0
88.0
42.0
61.0
20.0
59.0
291.0
448.0
516.0
564.0
316.0
-1.0
-245.0
-541.0
-570.0
-242.0
182.0
653.0
1051.0
931.0
639.0
256.0
-157.0
-239.0
-249.0
-190.0
-28.0
172.0
213.0
214.0
122.0
-55.0
-138.0
-118.0
-6.0
258.0
416.0
407.0
252.0
124.0
75.0
38.0
146.0
214.0
338.0
259.0
59.0
-41.0
-177.0
-190.0
-79.0
93.0
301.0
457.0
504.0
580.0
572.0
191.0
-153.0
-448.0
-622.0
-481.0
-25.0
458.0
731.0
806.0
672.0
298.0
-68.0
-243.0
-302.0
-165.0
25.0
244.0
407.0
391.0
237.0
43.0
-96.0
-59.0
-12.0
77.0
298.0
293.0
302.0
143.0
-43.0
-66.0
-33.0
86.0
368.0
655.0
643.0
379.0
96.0
-221.0
-440.0
-464.0
-206.0
-3.0
183.0
518.0
324.0
-4.0
-210.0
-359.0
-252.0
32.0
259.0
441.0
476.0
395.0
162.0
46.0
-60.0
-150.0
83.0
309.0
496.0
676.0
553.0
264.0
57.0
-166.0
-317.0
-220.0
-98.0
-26.0
87.0
88.0
42.0
61.0
20.0
59.0
291.0
448.0
516.0
564.0
316.0
-1.0
-245.0
-541.0
-570.0
-242.0
182.0
653.0
1051.0
931.0
639.0
256.0
-157.0
-239.0
-249.0
-190.0
-28.0
172.0
213.0
214.0
122.0
-55.0
-138.0
-118.0
-6.0
258.0
416.0
407.0
252.0
124.0
75.0
38.0
146.0
214.0
338.0
259.0
59.0
-41.0
-177.0
-190.0
-79.0
93.0
301.0
457.0
504.0
580.0
572.0
191.0
-153.0
-448.0
-622.0
-481.0
-25.0
458.0
731.0
806.0
672.0
298.0
-68.0
-243.0
-302.0
-165.0
25.0
244.0
407.0
391.0
237.0
43.0
-96.0
-59.0
-12.0
77.0
298.0
293.0
302.0
143.0
-43.0
-66.0
-33.0
86.0
368.0
655.0
643.0
379.0
96.0
-221.0
-440.0
-464.0
-206.0
-3.0
183.0
518.0
661.0
577.0
351.0
70.0
-104.0
-252.0
-292.0
-175.0
51.0
369.0
474.0
354.0
180.0
82.0
-30.0
-86.0
110.0
348.0
473.0
417.0
219.0
86.0
13.0
-25.0
157.0
404.0
383.0
221.0
6.0
-365.0
-500.0
-382.0
-162.0
99.0
335.0
449.0
604.0
670.0
413.0
14.0
-356.0
-474.0
-460.0
-144.0
457.0
746.0
858.0
783.0
513.0
51.0
-185.0
-286.0
-250.0
-60.0
73.0
299.0
383.0
340.0
414.0
165.0
-87.0
-199.0
-159.0
-124.0
-142.0
159.0
213.0
71.0
67.0
38.0
40.0
208.0
257.0
390.0
538.0
360.0
143.0
23.0
-146.0
-127.0
60.0
167.0
377.0
421.0
429.0
241.0
105.0
5.0
-125.0
-47.0
99.0
182.0
274.0
234.0
182.0
50.0
-149.0
-170.0
-47.0
57.0
180.0
232.0
163.0
35.0
111.0
206.0
222.0
375.0
550.0
491.0
483.0
291.0
-52.0
-317.0
-423.0
-501.0
-274.0
114.0
316.0
601.0
731.0
610.0
395.0
-19.0
-398.0
-591.0
-477.0
-102.0
661.0
577.0
351.0
70.0
-104.0
-252.0
-292.0
-175.0
51.0
369.0
474.0
354.0
180.0
82.0
-30.0
-86.0
110.0
348.0
473.0
417.0
219.0
86.0
13.0
-25.0
157.0
404.0
383.0
221.0
6.0
-365.0
-500.0
-382.0
-162.0
99.0
335.0
449.0
604.0
670.0
413.0
14.0
-356.0
-474.0
-460.0
-144.0
457.0
746.0
858.0
783.0
513.0
51.0
-185.0
-286.0
-250.0
-60.0
73.0
299.0
383.0
340.0
414.0
165.0
-87.0
-199.0
-159.0
-124.0
-142.0
159.0
213.0
71.0
67.0
38.0
40.0
208.0
257.0
390.0
538.0
360.0
143.0
23.0
-146.0
-127.0
60.0
167.0
377.0
421.0
429.0
241.0
105.0
5.0
-125.0
-47.0
99.0
182.0
274.0
234.0
182.0
50.0
-149.0
-170.0
-47.0
57.0
180.0
232.0
163.0
35.0
111.0
206.0
222.0
375.0
550.0
491.0
483.0
291.0
-52.0
-317.0
-423.0
-501.0
-274.0
114.0
316.0
601.0
731.0
610.0
395.0
-19.0
-398.0
-591.0
-477.0
-102.0
343.0
769.0
759.0
601.0
324.0
-93.0
-376.0
-544.0
-337.0
-67.0
258.0
532.0
559.0
582.0
540.0
291.0
91.0
-62.0
-162.0
-195.0
-85.0
-1.0
62.0
23.0
84.0
109.0
329.0
434.0
506.0
397.0
180.0
40.0
-189.0
-293.0
-274.0
-122.0
21.0
193.0
427.0
470.0
328.0
180.0
39.0
-39.0
81.0
114.0
160.0
315.0
329.0
325.0
265.0
-25.0
-56.0
-122.0
-194.0
93.0
217.0
347.0
250.0
224.0
194.0
256.0
198.0
182.0
188.0
27.0
187.0
101.0
-78.0
-298.0
-351.0
-256.0
-107.0
178.0
341.0
538.0
740.0
637.0
377.0
66.0
-261.0
-435.0
-298.0
-1.0
259.0
626.0
744.0
475.0
244.0
83.0
-68.0
-112.0
-37.0
-12.0
92.0
223.0
192.0
205.0
284.0
172.0
23.0
-39.0
-223.0
-164.0
10.0
165.0
258.0
212.0
71.0
106.0
275.0
435.0
516.0
511.0
434.0
59.0
-264.0
-344.0
-447.0
-321.0
-21.0
349.0
694.0
879.0
785.0
499.0
-44.0
-408.0
343.0
769.0
759.0
601.0
324.0
-93.0
-376.0
-544.0
-337.0
-67.0
258.0
532.0
559.0
582.0
540.0
291.0
91.0
-62.0
-162.0
-195.0
-85.0
-1.0
62.0
23.0
84.0
109.0
329.0
434.0
506.0
397.0
180.0
40.0
-189.0
-293.0
-274.0
-122.0
21.0
193.0
427.0
470.0
328.0
180.0
39.0
-39.0
81.0
114.0
160.0
315.0
329.0
325.0
265.0
-25.0
-56.0
-122.0
-194.0
93.0
217.0
347.0
250.0
224.0
194.0
256.0
198.0
182.0
188.0
27.0
187.0
101.0
-78.0
-298.0
-351.0
-256.0
-107.0
178.0
341.0
538.0
740.0
637.0
377.0
66.0
-261.0
-435.0
-298.0
-1.0
259.0
626.0
744.0
475.0
244.0
83.0
-68.0
-112.0
-37.0
-12.0
92.0
223.0
192.0
205.0
284.0
172.0
23.0
-39.0
-223.0
-164.0
10.0
165.0
258.0
212.0
71.0
106.0
275.0
435.0
516.0
511.0
434.0
59.0
-264.0
-344.0
-447.0
-321.0
-21.0
349.0
694.0
879.0
785.0
499.0
-44.0
-408.0
-336.0
-312.0
-105.0
287.0
482.0
464.0
220.0
-124.0
-397.0
-438.0
-264.0
40.0
436.0
653.0
679.0
490.0
337.0
304.0
236.0
184.0
136.0
69.0
26.0
-55.0
-201.0
-171.0
-119.0
-128.0
37.0
210.0
293.0
536.0
642.0
519.0
294.0
-54.0
-363.0
-449.0
-445.0
-211.0
154.0
452.0
540.0
404.0
298.0
43.0
-2.0
115.0
183.0
263.0
294.0
450.0
428.0
325.0
282.0
120.0
-85.0
-103.0
-22.0
-120.0
-225.0
-109.0
-113.0
-47.0
46.0
214.0
368.0
547.0
666.0
475.0
186.0
-84.0
-323.0
-424.0
-374.0
-160.0
78.0
468.0
715.0
771.0
698.0
411.0
85.0
-269.0
-431.0
-334.0
-57.0
297.0
469.0
588.0
440.0
147.0
-118.0
-346.0
-285.0
-60.0
205.0
352.0
347.0
360.0
209.0
111.0
151.0
60.0
77.0
158.0
174.0
165.0
36.0
-21.0
-84.0
-124.0
38.0
239.0
383.0
434.0
449.0
483.0
332.0
73.0
-161.0
-409.0
-496.0
-145.0
187.0
456.0
687.0
531.0
-336.0
-312.0
-105.0
287.0
482.0
464.0
220.0
-124.0
-397.0
-438.0
-264.0
40.0
436.0
653.0
679.0
490.0
337.0
304.0
236.0
184.0
136.0
69.0
26.0
-55.0
-201.0
-171.0
-119.0
-128.0
37.0
210.0
293.0
536.0
642.0
519.0
294.0
-54.0
-363.0
-449.0
-445.0
-211.0
154.0
452.0
540.0
404.0
298.0
43.0
-2.0
115.0
183.0
263.0
294.0
450.0
428.0
325.0
282.0
120.0
-85.0
-103.0
-22.0
-120.0
-225.0
-109.0
-113.0
-47.0
46.0
214.0
368.0
547.0
666.0
475.0
186.0
-84.0
-323.0
-424.0
-374.0
-160.0
78.0
468.0
715.0
771.0
698.0
411.0
85.0
-269.0
-431.0
-334.0
-57.0
297.0
469.0
588.0
440.0
147.0
-118.0
-346.0
-285.0
-60.0
205.0
352.0
347.0
360.0
209.0
111.0
151.0
60.0
77.0
158.0
174.0
165.0
36.0
-21.0
-84.0
-124.0
38.0
239.0
383.0
434.0
449.0
483.0
332.0
73.0
-161.0
-409.0
-496.0
-145.0
187.0
456.0
687.0
531.0
278.0
-44.0
-218.0
-162.0
-38.0
148.0
313.0
404.0
335.0
229.0
184.0
165.0
21.0
-15.0
76.0
-1.0
-1.0
114.0
133.0
106.0
104.0
56.0
63.0
310.0
425.0
488.0
529.0
398.0
112.0
-310.0
-512.0
-486.0
-297.0
41.0
482.0
772.0
675.0
451.0
156.0
-240.0
-400.0
-367.0
-142.0
180.0
469.0
662.0
608.0
452.0
233.0
-76.0
-319.0
-323.0
-201.0
98.0
350.0
407.0
287.0
207.0
157.0
150.0
338.0
281.0
309.0
270.0
42.0
-226.0
-308.0
-360.0
-389.0
-10.0
330.0
338.0
484.0
599.0
413.0
131.0
-100.0
-264.0
-327.0
-21.0
463.0
746.0
804.0
584.0
273.0
-35.0
-298.0
-360.0
-268.0
-168.0
-1.0
239.0
401.0
436.0
420.0
427.0
197.0
-27.0
-80.0
-104.0
-122.0
108.0
169.0
-32.0
-146.0
-240.0
-191.0
156.0
543.0
734.0
725.0
683.0
334.0
-79.0
-287.0
-424.0
-277.0
-28.0
206.0
516.0
536.0
254.0
187.0
102.0
-16.0
-111.0
-99.0
58.0
278.0
-44.0
-218.0
-162.0
-38.0
148.0
313.0
404.0
335.0
229.0
184.0
165.0
21.0
-15.0
76.0
-1.0
-1.0
114.0
133.0
106.0
104.0
56.0
63.0
310.0
425.0
488.0
529.0
398.0
112.0
-310.0
-512.0
-486.0
-297.0
41.0
482.0
772.0
675.0
451.0
156.0
-240.0
-400.0
-367.0
-142.0
180.0
469.0
662.0
608.0
452.0
233.0
-76.0
-319.0
-323.0
-201.0
98.0
350.0
407.0
287.0
207.0
157.0
150.0
338.0
281.0
309.0
270.0
