Gv1b1164_135
1
RAW_AUDIO_STREAM
1600
891.0
859.0
912.0
277.0
356.0
1151.0
-495.0
-2247.0
-1661.0
-898.0
350.0
1309.0
529.0
735.0
1817.0
1528.0
276.0
-688.0
-1113.0
-1377.0
-1370.0
-562.0
1085.0
2030.0
1495.0
187.0
-306.0
-124.0
-547.0
-801.0
-575.0
-97.0
990.0
1455.0
1896.0
1780.0
-362.0
-1620.0
-926.0
88.0
50.0
-339.0
72.0
673.0
-14.0
61.0
-319.0
-1451.0
-699.0
422.0
1061.0
2771.0
2552.0
-210.0
-1013.0
-878.0
-1557.0
-1615.0
-555.0
-234.0
1295.0
2132.0
1380.0
1270.0
685.0
-313.0
-805.0
-433.0
-794.0
-962.0
82.0
1713.0
2171.0
478.0
-821.0
-912.0
-861.0
-1402.0
-642.0
866.0
1575.0
1708.0
437.0
-757.0
-626.0
228.0
261.0
-20.0
69.0
1062.0
904.0
-67.0
204.0
-751.0
-2095.0
-674.0
276.0
-162.0
1412.0
2547.0
1735.0
1364.0
864.0
-1116.0
-2329.0
-2627.0
-1940.0
-322.0
2236.0
3086.0
1774.0
-303.0
-1448.0
-362.0
98.0
-297.0
-347.0
-278.0
1254.0
2198.0
1046.0
120.0
-173.0
-713.0
-718.0
-370.0
-298.0
-647.0
-29.0
1123.0
1254.0
412.0
-350.0
-1103.0
-1015.0
265.0
953.0
1392.0
2161.0
687.0
-948.0
-458.0
-1037.0
-1752.0
-697.0
-486.0
23.0
1245.0
1498.0
1655.0
1972.0
332.0
-1283.0
-1627.0
-1287.0
-198.0
1723.0
2177.0
1424.0
790.0
45.0
-1140.0
-1820.0
-1740.0
-1513.0
-301.0
1825.0
2695.0
2035.0
615.0
-615.0
-1338.0
-1260.0
-642.0
-387.0
607.0
2283.0
1982.0
964.0
-1441.0
-2912.0
-1181.0
-193.0
83.0
1488.0
1684.0
1141.0
1605.0
1493.0
-217.0
-1477.0
-1780.0
-1710.0
-1222.0
215.0
2160.0
1665.0
867.0
604.0
-293.0
-642.0
-259.0
-256.0
-393.0
500.0
663.0
207.0
1430.0
1644.0
-489.0
-1217.0
-302.0
-289.0
-610.0
299.0
653.0
216.0
231.0
903.0
204.0
-1103.0
-841.0
-741.0
750.0
2366.0
2002.0
54.0
-331.0
-535.0
-1842.0
-606.0
-1.0
652.0
1060.0
1475.0
1675.0
1746.0
206.0
-1640.0
-1635.0
-1457.0
-526.0
905.0
1128.0
1028.0
1616.0
1007.0
-606.0
-1187.0
-1157.0
-1612.0
-648.0
1648.0
1928.0
1212.0
854.0
-29.0
1123.0
1254.0
412.0
-350.0
-1103.0
-1015.0
265.0
953.0
1392.0
2161.0
687.0
-948.0
-458.0
-1037.0
-1752.0
-697.0
-486.0
23.0
1245.0
1498.0
1655.0
1972.0
332.0
-1283.0
-1627.0
-1287.0
-198.0
1723.0
2177.0
1424.0
790.0
45.0
-1140.0
-1820.0
-1740.0
-1513.0
-301.0
1825.0
2695.0
2035.0
615.0
-615.0
-1338.0
-1260.0
-642.0
-387.0
607.0
2283.0
1982.0
964.0
-1441.0
-2912.0
-1181.0
-193.0
83.0
1488.0
1684.0
1141.0
1605.0
1493.0
-217.0
-1477.0
-1780.0
-1710.0
-1222.0
215.0
2160.0
1665.0
867.0
604.0
-293.0
-642.0
-259.0
-256.0
-393.0
500.0
663.0
207.0
1430.0
1644.0
-489.0
-1217.0
-302.0
-289.0
-610.0
299.0
653.0
216.0
231.0
903.0
204.0
-1103.0
-841.0
-741.0
750.0
2366.0
2002.0
54.0
-331.0
-535.0
-1842.0
-606.0
-1.0
652.0
1060.0
1475.0
1675.0
1746.0
206.0
-1640.0
-1635.0
-1457.0
-526.0
905.0
1128.0
1028.0
1616.0
1007.0
-606.0
-1187.0
-1157.0
-1612.0
-648.0
1648.0
1928.0
1212.0
854.0
-412.0
-571.0
302.0
-161.0
-467.0
-241.0
-10.0
817.0
1919.0
1002.0
-1498.0
-2458.0
-1496.0
-107.0
1083.0
1718.0
1460.0
1210.0
1704.0
1149.0
-1450.0
-2798.0
-2675.0
-1595.0
976.0
2727.0
2234.0
1058.0
744.0
-36.0
-1361.0
-1358.0
359.0
482.0
-390.0
-5.0
972.0
1136.0
614.0
284.0
-1267.0
-760.0
976.0
560.0
-66.0
1220.0
805.0
-1367.0
-945.0
-526.0
-1294.0
-410.0
711.0
1291.0
2354.0
2099.0
340.0
-586.0
-966.0
-1190.0
-1299.0
-677.0
-34.0
292.0
538.0
1721.0
2031.0
1352.0
-404.0
-1317.0
-909.0
-464.0
-105.0
450.0
1341.0
1989.0
1259.0
-579.0
-1822.0
-1619.0
-628.0
-150.0
157.0
876.0
1550.0
1094.0
-227.0
-874.0
-477.0
177.0
600.0
284.0
280.0
1045.0
1497.0
815.0
-832.0
-2424.0
-2678.0
-52.0
2182.0
1127.0
709.0
905.0
-9.0
1107.0
877.0
-1415.0
-1346.0
-1167.0
-697.0
1116.0
1907.0
1786.0
728.0
-267.0
-101.0
-672.0
-1197.0
-862.0
-710.0
-135.0
724.0
1701.0
2500.0
1005.0
-258.0
-337.0
-412.0
-571.0
302.0
-161.0
-467.0
-241.0
-10.0
817.0
1919.0
1002.0
-1498.0
-2458.0
-1496.0
-107.0
1083.0
1718.0
1460.0
1210.0
1704.0
1149.0
-1450.0
-2798.0
-2675.0
-1595.0
976.0
2727.0
2234.0
1058.0
744.0
-36.0
-1361.0
-1358.0
359.0
482.0
-390.0
-5.0
972.0
1136.0
614.0
284.0
-1267.0
-760.0
976.0
560.0
-66.0
1220.0
805.0
-1367.0
-945.0
-526.0
-1294.0
-410.0
711.0
1291.0
2354.0
2099.0
340.0
-586.0
-966.0
-1190.0
-1299.0
-677.0
-34.0
292.0
538.0
1721.0
2031.0
1352.0
-404.0
-1317.0
-909.0
-464.0
-105.0
450.0
1341.0
1989.0
1259.0
-579.0
-1822.0
-1619.0
-628.0
-150.0
157.0
876.0
1550.0
1094.0
-227.0
-874.0
-477.0
177.0
600.0
284.0
280.0
1045.0
1497.0
815.0
-832.0
-2424.0
-2678.0
-52.0
2182.0
1127.0
709.0
905.0
-9.0
1107.0
877.0
-1415.0
-1346.0
-1167.0
-697.0
1116.0
1907.0
1786.0
728.0
-267.0
-101.0
-672.0
-1197.0
-862.0
-710.0
-135.0
724.0
1701.0
2500.0
1005.0
-258.0
-337.0
-375.0
-640.0
-1036.0
-79.0
857.0
834.0
-392.0
-475.0
-158.0
-679.0
-578.0
-83.0
832.0
2773.0
2307.0
386.0
-651.0
-1362.0
-1315.0
-783.0
-735.0
-358.0
815.0
1476.0
1987.0
877.0
-102.0
-384.0
-1379.0
-1556.0
268.0
1024.0
679.0
1489.0
2239.0
68.0
-1057.0
-1063.0
-968.0
-1045.0
-819.0
682.0
1213.0
808.0
1283.0
711.0
-452.0
-93.0
355.0
158.0
243.0
686.0
256.0
159.0
-437.0
-1823.0
-1265.0
-514.0
-132.0
1071.0
1368.0
1149.0
1294.0
1824.0
1533.0
-765.0
-2571.0
-2604.0
-2045.0
-541.0
2359.0
2617.0
1399.0
955.0
437.0
-458.0
-556.0
-917.0
-1334.0
-390.0
1094.0
1746.0
1847.0
1573.0
-6.0
-1254.0
-1353.0
-1134.0
-649.0
458.0
1439.0
1426.0
179.0
-904.0
-958.0
-787.0
-497.0
157.0
1145.0
2324.0
1869.0
97.0
-1113.0
-1501.0
-1010.0
-683.0
-177.0
-53.0
-222.0
943.0
2940.0
2499.0
253.0
-1021.0
-865.0
-875.0
-579.0
237.0
635.0
1272.0
1010.0
274.0
-52.0
-847.0
-1800.0
-1756.0
-664.0
904.0
-375.0
-640.0
-1036.0
-79.0
857.0
834.0
-392.0
-475.0
-158.0
-679.0
-578.0
-83.0
832.0
2773.0
2307.0
386.0
-651.0
-1362.0
-1315.0
-783.0
-735.0
-358.0
815.0
1476.0
1987.0
877.0
-102.0
-384.0
-1379.0
-1556.0
268.0
1024.0
679.0
1489.0
2239.0
68.0
-1057.0
-1063.0
-968.0
-1045.0
-819.0
682.0
1213.0
808.0
1283.0
711.0
-452.0
-93.0
355.0
158.0
243.0
686.0
256.0
159.0
-437.0
-1823.0
-1265.0
-514.0
-132.0
1071.0
1368.0
1149.0
1294.0
1824.0
1533.0
-765.0
-2571.0
-2604.0
-2045.0
-541.0
2359.0
2617.0
1399.0
955.0
437.0
-458.0
-556.0
-917.0
-1334.0
-390.0
1094.0
1746.0
1847.0
1573.0
-6.0
-1254.0
-1353.0
-1134.0
-649.0
458.0
1439.0
1426.0
179.0
-904.0
-958.0
-787.0
-497.0
157.0
1145.0
2324.0
1869.0
97.0
-1113.0
-1501.0
-1010.0
-683.0
-177.0
-53.0
-222.0
943.0
2940.0
2499.0
253.0
-1021.0
-865.0
-875.0
-579.0
237.0
635.0
1272.0
1010.0
274.0
-52.0
-847.0
-1800.0
-1756.0
-664.0
904.0
2298.0
2160.0
566.0
-354.0
-196.0
123.0
-424.0
-808.0
-219.0
890.0
1583.0
900.0
-84.0
-1405.0
-1757.0
-1494.0
-784.0
1284.0
2775.0
2248.0
1051.0
1267.0
1092.0
-1171.0
-3123.0
-2728.0
-1173.0
300.0
1917.0
2484.0
1143.0
153.0
-110.0
-25.0
134.0
-555.0
-940.0
-87.0
731.0
682.0
736.0
1218.0
639.0
-1150.0
-1127.0
-772.0
-938.0
93.0
997.0
1371.0
1243.0
879.0
88.0
-1362.0
-1837.0
-885.0
854.0
2992.0
2602.0
-205.0
-1125.0
-1151.0
-1580.0
-1547.0
-1263.0
-287.0
1535.0
2390.0
2350.0
2414.0
1036.0
-1056.0
-2614.0
-2934.0
-1023.0
1068.0
1329.0
2241.0
2543.0
74.0
-1074.0
-976.0
-1945.0
-1619.0
479.0
1375.0
1712.0
1831.0
819.0
-491.0
-363.0
184.0
-561.0
-1271.0
-1074.0
235.0
1649.0
1634.0
372.0
-1360.0
-1675.0
-1394.0
-167.0
1266.0
1998.0
1711.0
685.0
1324.0
1374.0
-731.0
-2132.0
-2759.0
-2160.0
27.0
2227.0
2451.0
1774.0
1192.0
156.0
-557.0
-1055.0
-1600.0
-1043.0
-127.0
549.0
1690.0
2163.0
994.0
2298.0
2160.0
566.0
-354.0
-196.0
123.0
-424.0
-808.0
-219.0
890.0
1583.0
900.0
-84.0
-1405.0
-1757.0
-1494.0
-784.0
1284.0
2775.0
2248.0
1051.0
1267.0
1092.0
-1171.0
-3123.0
-2728.0
-1173.0
300.0
1917.0
2484.0
1143.0
153.0
-110.0
-25.0
134.0
-555.0
-940.0
-87.0
731.0
682.0
736.0
1218.0
639.0
-1150.0
-1127.0
-772.0
-938.0
93.0
997.0
1371.0
1243.0
879.0
88.0
-1362.0
-1837.0
-885.0
854.0
2992.0
2602.0
-205.0
-1125.0
-1151.0
-1580.0
-1547.0
-1263.0
-287.0
1535.0
2390.0
2350.0
2414.0
1036.0
-1056.0
-2614.0
-2934.0
-1023.0
1068.0
1329.0
2241.0
2543.0
74.0
-1074.0
-976.0
-1945.0
-1619.0
479.0
1375.0
1712.0
1831.0
819.0
-491.0
-363.0
184.0
-561.0
-1271.0
-1074.0
235.0
1649.0
1634.0
372.0
-1360.0
-1675.0
-1394.0
-167.0
1266.0
1998.0
1711.0
685.0
1324.0
1374.0
-731.0
-2132.0
-2759.0
-2160.0
27.0
2227.0
2451.0
1774.0
1192.0
156.0
-557.0
-1055.0
-1600.0
-1043.0
-127.0
549.0
1690.0
2163.0
994.0
-357.0
-1040.0
-1167.0
-1014.0
-529.0
558.0
1812.0
868.0
-67.0
-366.0
-718.0
-1913.0
-783.0
1244.0
2061.0
2843.0
2532.0
-411.0
-1943.0
-3191.0
-1858.0
-1606.0
618.0
1012.0
984.0
1821.0
2418.0
1735.0
-1067.0
-1876.0
-1406.0
-1515.0
-882.0
1205.0
1988.0
1164.0
986.0
1342.0
106.0
-1574.0
-2040.0
-1079.0
85.0
788.0
470.0
906.0
1095.0
-130.0
59.0
618.0
-121.0
-485.0
313.0
904.0
1789.0
1419.0
-787.0
-2386.0
-2244.0
-697.0
-228.0
210.0
1386.0
2103.0
2236.0
2265.0
140.0
-2674.0
-2760.0
-1830.0
-804.0
1463.0
2591.0
1710.0
1449.0
372.0
-1318.0
-1245.0
-139.0
-292.0
-730.0
148.0
930.0
1101.0
1828.0
1403.0
-582.0
-1164.0
137.0
-390.0
-531.0
295.0
85.0
208.0
818.0
-107.0
-1588.0
-866.0
-6.0
731.0
1807.0
1631.0
159.0
-164.0
-49.0
-679.0
-769.0
-397.0
-825.0
-602.0
686.0
1273.0
2418.0
2263.0
203.0
-1531.0
-2182.0
-1491.0
-144.0
1188.0
1858.0
2750.0
2058.0
28.0
-1503.0
-2739.0
-2688.0
-1274.0
-357.0
-1040.0
-1167.0
-1014.0
-529.0
558.0
1812.0
868.0
-67.0
-366.0
-718.0
-1913.0
-783.0
1244.0
2061.0
2843.0
2532.0
-411.0
-1943.0
-3191.0
-1858.0
-1606.0
618.0
1012.0
984.0
1821.0
2418.0
1735.0
-1067.0
-1876.0
-1406.0
-1515.0
-882.0
1205.0
1988.0
1164.0
986.0
1342.0
106.0
-1574.0
-2040.0
-1079.0
85.0
788.0
470.0
906.0
1095.0
-130.0
59.0
618.0
-121.0
-485.0
313.0
904.0
1789.0
1419.0
-787.0
-2386.0
-2244.0
-697.0
-228.0
210.0
1386.0
2103.0
2236.0
2265.0
140.0
-2674.0
-2760.0
-1830.0
-804.0
1463.0
2591.0
1710.0
1449.0
372.0
-1318.0
-1245.0
-139.0
-292.0
-730.0
148.0
930.0
1101.0
1828.0
1403.0
-582.0
-1164.0
137.0
-390.0
-531.0
295.0
85.0
208.0
818.0
-107.0
-1588.0
-866.0
-6.0
731.0
1807.0
1631.0
159.0
-164.0
-49.0
-679.0
-769.0
-397.0
-825.0
-602.0
686.0
1273.0
2418.0
2263.0
203.0
-1531.0
-2182.0
-1491.0
-144.0
1188.0
1858.0
2750.0
2058.0
28.0
-1503.0
-2739.0
-2688.0
-1274.0
709.0
1955.0
1830.0
1361.0
11.0
-1118.0
126.0
850.0
261.0
123.0
404.0
470.0
532.0
897.0
-1016.0
-2407.0
-1246.0
-602.0
284.0
1705.0
1575.0
1078.0
1654.0
744.0
-760.0
-1108.0
-1738.0
-1533.0
-250.0
1717.0
2569.0
1801.0
541.0
-646.0
-590.0
-444.0
-865.0
-1184.0
-999.0
251.0
1760.0
2666.0
2388.0
536.0
-1762.0
-1216.0
-890.0
-1497.0
-225.0
630.0
1029.0
1459.0
1022.0
-398.0
-1312.0
-1816.0
-1349.0
1212.0
3681.0
3193.0
1173.0
-835.0
-2169.0
-2430.0
-1595.0
-388.0
-292.0
706.0
1962.0
2710.0
2326.0
20.0
-1283.0
-1477.0
-1587.0
-924.0
247.0
1345.0
1772.0
1163.0
300.0
-96.0
-578.0
-1391.0
-1759.0
-333.0
1250.0
1431.0
1294.0
31.0
-488.0
550.0
787.0
504.0
574.0
71.0
-645.0
-22.0
1047.0
-128.0
-1974.0
-1112.0
-491.0
-111.0
923.0
498.0
1192.0
2512.0
1780.0
701.0
-1433.0
-2362.0
-1991.0
-1939.0
-35.0
3007.0
3040.0
895.0
-418.0
409.0
73.0
-1901.0
-1374.0
-46.0
197.0
1662.0
2391.0
979.0
709.0
1955.0
1830.0
1361.0
11.0
-1118.0
126.0
850.0
261.0
123.0
404.0
470.0
532.0
897.0
-1016.0
-2407.0
-1246.0
-602.0
284.0
1705.0
1575.0
1078.0
1654.0
744.0
-760.0
-1108.0
-1738.0
-1533.0
-250.0
1717.0
2569.0
1801.0
541.0
-646.0
-590.0
-444.0
-865.0
-1184.0
-999.0
251.0
1760.0
2666.0
2388.0
536.0
-1762.0
-1216.0
-890.0
-1497.0
-225.0
630.0
1029.0
1459.0
1022.0
-398.0
-1312.0
-1816.0
-1349.0
1212.0
3681.0
3193.0
1173.0
-835.0
-2169.0
-2430.0
