Gv1b1164_108
1
RAW_AUDIO_STREAM
1600
80.0
-47.0
-164.0
-192.0
-71.0
14.0
204.0
399.0
468.0
483.0
442.0
286.0
57.0
-91.0
-151.0
-39.0
112.0
216.0
340.0
239.0
107.0
8.0
-202.0
-294.0
-198.0
-22.0
172.0
249.0
343.0
287.0
319.0
365.0
265.0
242.0
193.0
191.0
164.0
51.0
-7.0
-132.0
-158.0
-116.0
6.0
223.0
395.0
508.0
603.0
524.0
265.0
-49.0
-313.0
-441.0
-341.0
-26.0
261.0
445.0
464.0
277.0
-1.0
-68.0
-160.0
-62.0
157.0
155.0
344.0
494.0
489.0
462.0
290.0
121.0
-36.0
-212.0
-203.0
-129.0
-29.0
113.0
244.0
302.0
127.0
125.0
245.0
210.0
406.0
510.0
383.0
194.0
-45.0
-268.0
-424.0
-407.0
-187.0
50.0
313.0
583.0
670.0
517.0
365.0
195.0
-57.0
-130.0
-36.0
119.0
223.0
303.0
278.0
78.0
-38.0
-115.0
-55.0
69.0
157.0
318.0
312.0
237.0
155.0
110.0
107.0
140.0
207.0
273.0
273.0
199.0
6.0
-175.0
-319.0
-294.0
-214.0
29.0
311.0
519.0
637.0
579.0
411.0
226.0
-58.0
-246.0
-323.0
-307.0
-13.0
242.0
463.0
595.0
481.0
301.0
178.0
40.0
-82.0
-27.0
49.0
100.0
203.0
275.0
296.0
165.0
-17.0
-161.0
-184.0
-130.0
-16.0
106.0
125.0
249.0
298.0
254.0
270.0
303.0
283.0
292.0
290.0
239.0
161.0
-20.0
-81.0
-69.0
-97.0
7.0
148.0
309.0
406.0
432.0
416.0
234.0
-4.0
-199.0
-259.0
-139.0
14.0
165.0
232.0
270.0
197.0
68.0
-41.0
-20.0
101.0
211.0
318.0
434.0
406.0
316.0
192.0
117.0
39.0
22.0
85.0
169.0
286.0
241.0
83.0
-20.0
-178.0
-292.0
-173.0
131.0
379.0
497.0
519.0
348.0
90.0
-198.0
-388.0
-458.0
-297.0
68.0
381.0
598.0
624.0
538.0
331.0
67.0
-35.0
-44.0
30.0
148.0
234.0
375.0
420.0
329.0
261.0
96.0
-49.0
-121.0
-144.0
-65.0
6.0
28.0
82.0
160.0
151.0
19.0
110.0
248.0
219.0
315.0
368.0
264.0
311.0
519.0
637.0
579.0
411.0
226.0
-58.0
-246.0
-323.0
-307.0
-13.0
242.0
463.0
595.0
481.0
301.0
178.0
40.0
-82.0
-27.0
49.0
100.0
203.0
275.0
296.0
165.0
-17.0
-161.0
-184.0
-130.0
-16.0
106.0
125.0
249.0
298.0
254.0
270.0
303.0
283.0
292.0
290.0
239.0
161.0
-20.0
-81.0
-69.0
-97.0
7.0
148.0
309.0
406.0
432.0
416.0
234.0
-4.0
-199.0
-259.0
-139.0
14.0
165.0
232.0
270.0
197.0
68.0
-41.0
-20.0
101.0
211.0
318.0
434.0
406.0
316.0
192.0
117.0
39.0
22.0
85.0
169.0
286.0
241.0
83.0
-20.0
-178.0
-292.0
-173.0
131.0
379.0
497.0
519.0
348.0
90.0
-198.0
-388.0
-458.0
-297.0
68.0
381.0
598.0
624.0
538.0
331.0
67.0
-35.0
-44.0
30.0
148.0
234.0
375.0
420.0
329.0
261.0
96.0
-49.0
-121.0
-144.0
-65.0
6.0
28.0
82.0
160.0
151.0
19.0
110.0
248.0
219.0
315.0
368.0
264.0
74.0
-122.0
-208.0
-145.0
-24.0
160.0
405.0
534.0
563.0
429.0
194.0
-1.0
-136.0
-157.0
-34.0
211.0
411.0
382.0
278.0
112.0
-151.0
-255.0
-238.0
-123.0
127.0
362.0
450.0
348.0
203.0
110.0
-1.0
13.0
122.0
201.0
223.0
251.0
244.0
155.0
40.0
-34.0
-98.0
-91.0
26.0
244.0
486.0
543.0
480.0
296.0
92.0
-139.0
-263.0
-241.0
-89.0
135.0
325.0
500.0
511.0
223.0
-49.0
-186.0
-252.0
-226.0
-51.0
169.0
304.0
426.0
424.0
386.0
337.0
203.0
91.0
6.0
-32.0
37.0
24.0
-9.0
3.0
66.0
114.0
193.0
372.0
487.0
482.0
442.0
246.0
-28.0
-235.0
-321.0
-317.0
-168.0
49.0
250.0
427.0
499.0
380.0
143.0
-91.0
-218.0
-191.0
-29.0
203.0
480.0
558.0
451.0
371.0
127.0
-75.0
-164.0
-196.0
-53.0
199.0
279.0
270.0
282.0
266.0
205.0
157.0
190.0
208.0
154.0
57.0
-3.0
-79.0
-94.0
-105.0
-118.0
-93.0
-3.0
74.0
-122.0
-208.0
-145.0
-24.0
160.0
405.0
534.0
563.0
429.0
194.0
-1.0
-136.0
-157.0
-34.0
211.0
411.0
382.0
278.0
112.0
-151.0
-255.0
-238.0
-123.0
127.0
362.0
450.0
348.0
203.0
110.0
-1.0
13.0
122.0
201.0
223.0
251.0
244.0
155.0
40.0
-34.0
-98.0
-91.0
26.0
244.0
486.0
543.0
480.0
296.0
92.0
-139.0
-263.0
-241.0
-89.0
135.0
325.0
500.0
511.0
223.0
-49.0
-186.0
-252.0
-226.0
-51.0
169.0
304.0
426.0
424.0
386.0
337.0
203.0
91.0
6.0
-32.0
37.0
24.0
-9.0
3.0
66.0
114.0
193.0
372.0
487.0
482.0
442.0
246.0
-28.0
-235.0
-321.0
-317.0
-168.0
49.0
250.0
427.0
499.0
380.0
143.0
-91.0
-218.0
-191.0
-29.0
203.0
480.0
558.0
451.0
371.0
127.0
-75.0
-164.0
-196.0
-53.0
199.0
279.0
270.0
282.0
266.0
205.0
157.0
190.0
208.0
154.0
57.0
-3.0
-79.0
-94.0
-105.0
-118.0
-93.0
-3.0
150.0
273.0
384.0
438.0
431.0
330.0
181.0
20.0
-138.0
-88.0
30.0
188.0
353.0
406.0
342.0
168.0
7.0
-58.0
-28.0
-28.0
79.0
215.0
246.0
249.0
235.0
202.0
134.0
79.0
41.0
-1.0
-59.0
-92.0
-105.0
-118.0
49.0
142.0
201.0
385.0
453.0
513.0
543.0
370.0
198.0
-44.0
-229.0
-237.0
-175.0
-30.0
126.0
215.0
297.0
464.0
428.0
246.0
147.0
25.0
-191.0
-255.0
-100.0
107.0
267.0
331.0
296.0
153.0
-11.0
-193.0
-312.0
-214.0
110.0
397.0
508.0
542.0
476.0
310.0
206.0
207.0
137.0
83.0
99.0
134.0
-15.0
-91.0
-165.0
-185.0
-106.0
42.0
240.0
376.0
515.0
550.0
280.0
104.0
40.0
-217.0
-249.0
-124.0
62.0
216.0
248.0
293.0
119.0
-54.0
12.0
37.0
184.0
304.0
321.0
402.0
388.0
401.0
360.0
245.0
109.0
-38.0
-121.0
-191.0
-183.0
-125.0
43.0
153.0
244.0
166.0
161.0
147.0
30.0
262.0
238.0
305.0
150.0
273.0
384.0
438.0
431.0
330.0
181.0
20.0
-138.0
-88.0
30.0
188.0
353.0
406.0
342.0
168.0
7.0
-58.0
-28.0
-28.0
79.0
215.0
246.0
249.0
235.0
202.0
134.0
79.0
41.0
-1.0
-59.0
-92.0
-105.0
-118.0
49.0
142.0
201.0
385.0
453.0
513.0
543.0
370.0
198.0
-44.0
-229.0
-237.0
-175.0
-30.0
126.0
215.0
297.0
464.0
428.0
246.0
147.0
25.0
-191.0
-255.0
-100.0
107.0
267.0
331.0
296.0
153.0
-11.0
-193.0
-312.0
-214.0
110.0
397.0
508.0
542.0
476.0
310.0
206.0
207.0
137.0
83.0
99.0
134.0
-15.0
-91.0
-165.0
-185.0
-106.0
42.0
240.0
376.0
515.0
550.0
280.0
104.0
40.0
-217.0
-249.0
-124.0
62.0
216.0
248.0
293.0
119.0
-54.0
12.0
37.0
184.0
304.0
321.0
402.0
388.0
401.0
360.0
245.0
109.0
-38.0
-121.0
-191.0
-183.0
-125.0
43.0
153.0
244.0
166.0
161.0
147.0
30.0
262.0
238.0
305.0
216.0
-47.0
-41.0
-238.0
-235.0
-194.0
35.0
279.0
483.0
639.0
568.0
446.0
251.0
10.0
-106.0
-168.0
-36.0
143.0
305.0
493.0
479.0
277.0
41.0
-176.0
-261.0
-182.0
18.0
183.0
293.0
333.0
232.0
139.0
181.0
189.0
170.0
157.0
77.0
-4.0
-52.0
-26.0
-60.0
-84.0
35.0
177.0
312.0
393.0
555.0
566.0
413.0
272.0
7.0
-185.0
-298.0
-207.0
-7.0
183.0
470.0
557.0
480.0
322.0
43.0
-141.0
-269.0
-298.0
-147.0
53.0
267.0
451.0
474.0
302.0
143.0
15.0
-148.0
-163.0
-82.0
26.0
264.0
393.0
384.0
282.0
103.0
32.0
40.0
189.0
318.0
390.0
318.0
92.0
-63.0
-229.0
-230.0
-78.0
95.0
231.0
415.0
500.0
376.0
259.0
94.0
-37.0
-160.0
-158.0
-46.0
-37.0
131.0
336.0
358.0
333.0
188.0
26.0
-94.0
-32.0
187.0
351.0
376.0
348.0
236.0
124.0
149.0
186.0
159.0
191.0
229.0
124.0
54.0
-15.0
-142.0
-238.0
216.0
-47.0
-41.0
-238.0
-235.0
-194.0
35.0
279.0
483.0
639.0
568.0
446.0
251.0
10.0
-106.0
-168.0
-36.0
143.0
305.0
493.0
479.0
277.0
41.0
-176.0
-261.0
-182.0
18.0
183.0
293.0
333.0
232.0
139.0
181.0
189.0
170.0
157.0
77.0
-4.0
-52.0
-26.0
-60.0
-84.0
35.0
177.0
312.0
393.0
555.0
566.0
413.0
272.0
7.0
-185.0
-298.0
-207.0
-7.0
183.0
470.0
557.0
480.0
322.0
43.0
-141.0
-269.0
-298.0
-147.0
53.0
267.0
451.0
474.0
302.0
143.0
15.0
-148.0
-163.0
-82.0
26.0
264.0
393.0
384.0
282.0
103.0
32.0
40.0
189.0
318.0
390.0
318.0
92.0
-63.0
-229.0
-230.0
-78.0
95.0
231.0
415.0
500.0
376.0
259.0
94.0
-37.0
-160.0
-158.0
-46.0
-37.0
131.0
336.0
358.0
333.0
188.0
26.0
-94.0
-32.0
187.0
351.0
376.0
348.0
236.0
124.0
149.0
186.0
159.0
191.0
229.0
124.0
54.0
-15.0
-142.0
-238.0
-227.0
-92.0
99.0
378.0
515.0
549.0
509.0
255.0
-40.0
-359.0
-475.0
-350.0
-58.0
347.0
639.0
754.0
655.0
404.0
181.0
-3.0
-171.0
-206.0
-142.0
31.0
220.0
361.0
445.0
376.0
282.0
123.0
-68.0
-132.0
-216.0
-193.0
-58.0
37.0
107.0
149.0
153.0
171.0
250.0
294.0
268.0
268.0
219.0
86.0
-2.0
-41.0
-8.0
18.0
117.0
347.0
564.0
611.0
578.0
387.0
157.0
-60.0
-297.0
-311.0
-147.0
-27.0
227.0
335.0
250.0
94.0
-115.0
-297.0
-207.0
16.0
232.0
398.0
445.0
367.0
185.0
108.0
104.0
165.0
263.0
313.0
403.0
366.0
276.0
89.0
-145.0
-254.0
-274.0
-97.0
113.0
310.0
435.0
479.0
443.0
232.0
-5.0
-209.0
-287.0
-225.0
-57.0
236.0
444.0
521.0
411.0
226.0
41.0
-78.0
-162.0
-172.0
-120.0
97.0
346.0
550.0
585.0
521.0
370.0
155.0
-13.0
-167.0
-223.0
-177.0
-15.0
133.0
109.0
30.0
-28.0
13.0
201.0
409.0
-227.0
-92.0
99.0
378.0
515.0
549.0
509.0
255.0
-40.0
-359.0
-475.0
-350.0
-58.0
347.0
639.0
754.0
655.0
404.0
181.0
-3.0
-171.0
-206.0
-142.0
31.0
220.0
361.0
445.0
376.0
282.0
123.0
-68.0
-132.0
-216.0
-193.0
-58.0
37.0
107.0
149.0
153.0
171.0
250.0
294.0
268.0
268.0
219.0
86.0
-2.0
-41.0
-8.0
18.0
117.0
347.0
564.0
611.0
578.0
387.0
157.0
-60.0
-297.0
-311.0
-147.0
-27.0
227.0
335.0
250.0
94.0
-115.0
-297.0
-207.0
16.0
232.0
398.0
445.0
367.0
185.0
108.0
104.0
165.0
263.0
313.0
403.0
366.0
276.0
89.0
-145.0
-254.0
-274.0
-97.0
113.0
310.0
435.0
479.0
443.0
232.0
-5.0
-209.0
-287.0
-225.0
-57.0
236.0
444.0
521.0
411.0
226.0
41.0
-78.0
-162.0
-172.0
-120.0
97.0
346.0
550.0
585.0
521.0
370.0
155.0
-13.0
-167.0
-223.0
-177.0
-15.0
133.0
109.0
30.0
-28.0
13.0
201.0
409.0
573.0
550.0
331.0
16.0
-225.0
-309.0
-272.0
-106.0
87.0
344.0
488.0
461.0
367.0
228.0
31.0
-101.0
-87.0
-76.0
115.0
327.0
452.0
500.0
385.0
158.0
-112.0
-340.0
-379.0
-132.0
63.0
214.0
391.0
420.0
373.0
384.0
273.0
138.0
45.0
-1.0
40.0
121.0
130.0
63.0
-68.0
-133.0
-128.0
-143.0
13.0
225.0
446.0
631.0
636.0
445.0
122.0
-137.0
-272.0
-336.0
-154.0
120.0
352.0
498.0
481.0
364.0
187.0
-11.0
-142.0
-152.0
-86.0
37.0
271.0
449.0
472.0
483.0
300.0
7.0
-171.0
-266.0
-172.0
-116.0
6.0
102.0
136.0
200.0
144.0
180.0
340.0
510.0
586.0
511.0
395.0
89.0
-248.0
-395.0
-453.0
-322.0
-84.0
206.0
518.0
558.0
567.0
474.0
158.0
-41.0
-258.0
-223.0
-30.0
254.0
435.0
503.0
341.0
-11.0
-375.0
-456.0
-352.0
-24.0
327.0
566.0
595.0
495.0
394.0
318.0
222.0
131.0
58.0
-1.0
36.0
-44.0
-121.0
-108.0
573.0
550.0
331.0
16.0
-225.0
-309.0
-272.0
-106.0
87.0
344.0
488.0
461.0
367.0
228.0
31.0
-101.0
-87.0
-76.0
115.0
327.0
452.0
500.0
385.0
158.0
-112.0
-340.0
-379.0
-132.0
63.0
214.0
391.0
420.0
373.0
384.0
273.0
138.0
45.0
-1.0
40.0
121.0
130.0
63.0
-68.0
-133.0
-128.0
-143.0
13.0
225.0
446.0
631.0
636.0
445.0
122.0
-137.0
-272.0
-336.0
-154.0
120.0
352.0
498.0
481.0
364.0
187.0
-11.0
