Gv1b1164_122
1
RAW_AUDIO_STREAM
1600
-51.0
339.0
928.0
1020.0
589.0
364.0
333.0
13.0
-243.0
-525.0
-886.0
-609.0
425.0
1213.0
1124.0
746.0
350.0
-314.0
-712.0
-420.0
35.0
100.0
148.0
510.0
721.0
371.0
-80.0
-349.0
-534.0
-236.0
148.0
555.0
726.0
396.0
211.0
25.0
-276.0
-275.0
43.0
367.0
607.0
885.0
681.0
444.0
21.0
-744.0
-993.0
-831.0
-305.0
334.0
1094.0
1550.0
1116.0
309.0
-536.0
-1224.0
-1150.0
-620.0
92.0
692.0
1002.0
1187.0
974.0
366.0
-236.0
-461.0
-339.0
-259.0
1.0
659.0
813.0
411.0
207.0
26.0
-146.0
-76.0
197.0
472.0
317.0
36.0
-170.0
-656.0
-768.0
-612.0
-162.0
484.0
910.0
1047.0
987.0
522.0
-154.0
-666.0
-816.0
-577.0
-72.0
486.0
975.0
1234.0
1034.0
518.0
-82.0
-598.0
-640.0
-511.0
-122.0
387.0
335.0
711.0
1264.0
814.0
-60.0
-621.0
-911.0
-647.0
98.0
587.0
450.0
176.0
-103.0
-332.0
-284.0
-339.0
-228.0
536.0
1263.0
1188.0
709.0
229.0
-396.0
-643.0
-467.0
-243.0
148.0
636.0
988.0
877.0
707.0
393.0
-458.0
-970.0
-625.0
-173.0
40.0
530.0
834.0
444.0
27.0
-58.0
-325.0
-718.0
-434.0
215.0
520.0
703.0
633.0
-34.0
-138.0
383.0
447.0
470.0
594.0
507.0
187.0
-16.0
-385.0
-597.0
-498.0
-394.0
8.0
665.0
1167.0
1115.0
770.0
486.0
-236.0
-1116.0
-1395.0
-996.0
-242.0
615.0
1270.0
1425.0
741.0
-336.0
-808.0
-689.0
-324.0
115.0
638.0
727.0
662.0
1144.0
1243.0
356.0
-539.0
-904.0
-945.0
-422.0
359.0
586.0
144.0
-144.0
-259.0
-152.0
342.0
637.0
582.0
894.0
859.0
446.0
10.0
-541.0
-1034.0
-1021.0
-538.0
62.0
469.0
844.0
931.0
651.0
277.0
-20.0
-340.0
-483.0
-137.0
473.0
829.0
648.0
306.0
132.0
-165.0
-297.0
-234.0
-105.0
244.0
690.0
889.0
630.0
121.0
-350.0
-354.0
46.0
256.0
391.0
273.0
1.0
-198.0
-423.0
-720.0
-647.0
-396.0
-134.0
412.0
1023.0
1374.0
1472.0
-396.0
-643.0
-467.0
-243.0
148.0
636.0
988.0
877.0
707.0
393.0
-458.0
-970.0
-625.0
-173.0
40.0
530.0
834.0
444.0
27.0
-58.0
-325.0
-718.0
-434.0
215.0
520.0
703.0
633.0
-34.0
-138.0
383.0
447.0
470.0
594.0
507.0
187.0
-16.0
-385.0
-597.0
-498.0
-394.0
8.0
665.0
1167.0
1115.0
770.0
486.0
-236.0
-1116.0
-1395.0
-996.0
-242.0
615.0
1270.0
1425.0
741.0
-336.0
-808.0
-689.0
-324.0
115.0
638.0
727.0
662.0
1144.0
1243.0
356.0
-539.0
-904.0
-945.0
-422.0
359.0
586.0
144.0
-144.0
-259.0
-152.0
342.0
637.0
582.0
894.0
859.0
446.0
10.0
-541.0
-1034.0
-1021.0
-538.0
62.0
469.0
844.0
931.0
651.0
277.0
-20.0
-340.0
-483.0
-137.0
473.0
829.0
648.0
306.0
132.0
-165.0
-297.0
-234.0
-105.0
244.0
690.0
889.0
630.0
121.0
-350.0
-354.0
46.0
256.0
391.0
273.0
1.0
-198.0
-423.0
-720.0
-647.0
-396.0
-134.0
412.0
1023.0
1374.0
1472.0
1222.0
567.0
-417.0
-1197.0
-1582.0
-1380.0
-150.0
1029.0
1381.0
1243.0
752.0
49.0
-465.0
-320.0
36.0
179.0
280.0
312.0
326.0
520.0
603.0
90.0
-684.0
-1086.0
-819.0
-383.0
171.0
387.0
319.0
477.0
307.0
87.0
539.0
730.0
694.0
875.0
600.0
31.0
-437.0
-528.0
-464.0
-480.0
-488.0
94.0
991.0
1151.0
944.0
753.0
35.0
-583.0
-629.0
-570.0
-607.0
-202.0
309.0
790.0
798.0
406.0
-215.0
-735.0
-529.0
-114.0
390.0
834.0
967.0
755.0
680.0
329.0
-226.0
-282.0
46.0
314.0
452.0
403.0
249.0
-311.0
-732.0
-813.0
-699.0
-182.0
337.0
987.0
1089.0
877.0
605.0
-2.0
-534.0
-873.0
-1001.0
-683.0
171.0
1010.0
1359.0
1125.0
593.0
93.0
-296.0
-321.0
-86.0
-123.0
-215.0
93.0
548.0
886.0
954.0
467.0
-259.0
-395.0
-283.0
-318.0
-180.0
63.0
157.0
58.0
66.0
179.0
13.0
-24.0
267.0
592.0
762.0
505.0
-116.0
-592.0
-597.0
-499.0
-64.0
618.0
1222.0
567.0
-417.0
-1197.0
-1582.0
-1380.0
-150.0
1029.0
1381.0
1243.0
752.0
49.0
-465.0
-320.0
36.0
179.0
280.0
312.0
326.0
520.0
603.0
90.0
-684.0
-1086.0
-819.0
-383.0
171.0
387.0
319.0
477.0
307.0
87.0
539.0
730.0
694.0
875.0
600.0
31.0
-437.0
-528.0
-464.0
-480.0
-488.0
94.0
991.0
1151.0
944.0
753.0
35.0
-583.0
-629.0
-570.0
-607.0
-202.0
309.0
790.0
798.0
406.0
-215.0
-735.0
-529.0
-114.0
390.0
834.0
967.0
755.0
680.0
329.0
-226.0
-282.0
46.0
314.0
452.0
403.0
249.0
-311.0
-732.0
-813.0
-699.0
-182.0
337.0
987.0
1089.0
877.0
605.0
-2.0
-534.0
-873.0
-1001.0
-683.0
171.0
1010.0
1359.0
1125.0
593.0
93.0
-296.0
-321.0
-86.0
-123.0
-215.0
93.0
548.0
886.0
954.0
467.0
-259.0
-395.0
-283.0
-318.0
-180.0
63.0
157.0
58.0
66.0
179.0
13.0
-24.0
267.0
592.0
762.0
505.0
-116.0
-592.0
-597.0
-499.0
-64.0
618.0
1135.0
1324.0
1237.0
721.0
-252.0
-1131.0
-1326.0
-1071.0
-311.0
651.0
1171.0
1219.0
908.0
328.0
-281.0
-787.0
-999.0
-542.0
538.0
1302.0
1080.0
433.0
-201.0
-783.0
-641.0
116.0
502.0
573.0
511.0
319.0
257.0
-113.0
-340.0
-348.0
-249.0
94.0
512.0
935.0
1019.0
714.0
203.0
-315.0
-701.0
-900.0
-756.0
-127.0
722.0
1047.0
892.0
623.0
97.0
-449.0
-429.0
-208.0
-282.0
-219.0
137.0
628.0
860.0
674.0
329.0
-119.0
-353.0
47.0
430.0
475.0
261.0
83.0
-16.0
-423.0
-513.0
-80.0
303.0
705.0
905.0
864.0
596.0
2.0
-718.0
-1112.0
-816.0
-313.0
267.0
736.0
852.0
851.0
821.0
374.0
-304.0
-671.0
-659.0
-542.0
-1.0
689.0
1036.0
860.0
471.0
230.0
-20.0
-522.0
-692.0
-323.0
141.0
537.0
875.0
688.0
177.0
12.0
236.0
267.0
274.0
342.0
-72.0
-218.0
-95.0
-249.0
-366.0
-426.0
-426.0
-129.0
554.0
1073.0
1034.0
543.0
-179.0
-418.0
-383.0
-460.0
1135.0
1324.0
1237.0
721.0
-252.0
-1131.0
-1326.0
-1071.0
-311.0
651.0
1171.0
1219.0
908.0
328.0
-281.0
-787.0
-999.0
-542.0
538.0
1302.0
1080.0
433.0
-201.0
-783.0
-641.0
116.0
502.0
573.0
511.0
319.0
257.0
-113.0
-340.0
-348.0
-249.0
94.0
512.0
935.0
1019.0
714.0
203.0
-315.0
-701.0
-900.0
-756.0
-127.0
722.0
1047.0
892.0
623.0
97.0
-449.0
-429.0
-208.0
-282.0
-219.0
137.0
628.0
860.0
674.0
329.0
-119.0
-353.0
47.0
430.0
475.0
261.0
83.0
-16.0
-423.0
-513.0
-80.0
303.0
705.0
905.0
864.0
596.0
2.0
-718.0
-1112.0
-816.0
-313.0
267.0
736.0
852.0
851.0
821.0
374.0
-304.0
-671.0
-659.0
-542.0
-1.0
689.0
1036.0
860.0
471.0
230.0
-20.0
-522.0
-692.0
-323.0
141.0
537.0
875.0
688.0
177.0
12.0
236.0
267.0
274.0
342.0
-72.0
-218.0
-95.0
-249.0
-366.0
-426.0
-426.0
-129.0
554.0
1073.0
1034.0
543.0
-179.0
-418.0
-383.0
-460.0
-158.0
304.0
748.0
1112.0
1076.0
509.0
-161.0
-518.0
-588.0
-548.0
-219.0
254.0
613.0
860.0
1047.0
696.0
-95.0
-478.0
-381.0
-164.0
126.0
399.0
231.0
-134.0
-327.0
-546.0
-448.0
-197.0
-16.0
411.0
1133.0
1308.0
922.0
308.0
-325.0
-536.0
-454.0
-233.0
36.0
323.0
518.0
803.0
962.0
490.0
0.0
-541.0
-848.0
-508.0
-208.0
248.0
875.0
949.0
624.0
260.0
-262.0
-729.0
-665.0
-309.0
31.0
534.0
535.0
100.0
152.0
475.0
538.0
457.0
478.0
521.0
365.0
268.0
-101.0
-610.0
-585.0
-731.0
-577.0
133.0
1066.0
1314.0
1047.0
949.0
75.0
-990.0
-1170.0
-1104.0
-564.0
537.0
1397.0
1425.0
907.0
212.0
-372.0
-805.0
-811.0
-528.0
-236.0
260.0
925.0
1197.0
1009.0
870.0
374.0
-489.0
-670.0
-336.0
-130.0
239.0
270.0
-8.0
-24.0
117.0
188.0
106.0
182.0
178.0
220.0
546.0
537.0
109.0
-234.0
-449.0
-577.0
-354.0
41.0
303.0
746.0
924.0
643.0
326.0
-158.0
304.0
748.0
1112.0
1076.0
509.0
-161.0
-518.0
-588.0
-548.0
-219.0
254.0
613.0
860.0
1047.0
696.0
-95.0
-478.0
-381.0
-164.0
126.0
399.0
231.0
-134.0
-327.0
-546.0
-448.0
-197.0
-16.0
411.0
1133.0
1308.0
922.0
308.0
-325.0
-536.0
-454.0
-233.0
36.0
323.0
518.0
803.0
962.0
490.0
0.0
-541.0
-848.0
-508.0
-208.0
248.0
875.0
949.0
624.0
260.0
-262.0
-729.0
-665.0
-309.0
31.0
534.0
535.0
100.0
152.0
475.0
538.0
457.0
478.0
521.0
365.0
268.0
-101.0
-610.0
-585.0
-731.0
-577.0
133.0
1066.0
1314.0
1047.0
949.0
75.0
-990.0
-1170.0
-1104.0
-564.0
537.0
1397.0
1425.0
907.0
212.0
-372.0
-805.0
-811.0
-528.0
-236.0
260.0
925.0
1197.0
1009.0
870.0
374.0
-489.0
-670.0
-336.0
-130.0
239.0
270.0
-8.0
-24.0
117.0
188.0
106.0
182.0
178.0
220.0
546.0
537.0
109.0
-234.0
-449.0
-577.0
-354.0
41.0
303.0
746.0
924.0
643.0
326.0
-34.0
-528.0
-508.0
-79.0
364.0
664.0
676.0
460.0
98.0
-289.0
-279.0
-274.0
-170.0
259.0
630.0
924.0
837.0
222.0
-306.0
-344.0
-228.0
-2.0
328.0
431.0
195.0
63.0
-387.0
-636.0
-687.0
-743.0
-306.0
579.0
1500.0
1785.0
1513.0
891.0
-122.0
-894.0
-1178.0
-1265.0
-639.0
371.0
1043.0
1414.0
1569.0
885.0
-106.0
-446.0
-786.0
-793.0
-305.0
-113.0
86.0
558.0
1007.0
825.0
40.0
-461.0
-732.0
-705.0
-313.0
172.0
408.0
607.0
623.0
198.0
84.0
152.0
115.0
399.0
826.0
801.0
382.0
-112.0
-855.0
-981.0
-465.0
-97.0
434.0
1107.0
1101.0
909.0
619.0
-60.0
-808.0
-753.0
-453.0
-341.0
-9.0
397.0
653.0
645.0
223.0
-341.0
-654.0
-508.0
91.0
790.0
1057.0
1037.0
789.0
138.0
-331.0
-415.0
-283.0
114.0
643.0
683.0
527.0
356.0
-389.0
-741.0
-632.0
-644.0
-324.0
431.0
1224.0
1285.0
995.0
508.0
-289.0
-951.0
-1217.0
-1104.0
-699.0
348.0
1068.0
1338.0
-34.0
-528.0
-508.0
-79.0
364.0
664.0
676.0
460.0
98.0
-289.0
-279.0
-274.0
-170.0
259.0
630.0
924.0
837.0
222.0
-306.0
-344.0
-228.0
-2.0
328.0
431.0
195.0
63.0
-387.0
-636.0
-687.0
-743.0
-306.0
579.0
1500.0
1785.0
1513.0
891.0
-122.0
-894.0
-1178.0
-1265.0
-639.0
371.0
1043.0
1414.0
1569.0
885.0
-106.0
-446.0
-786.0
-793.0
-305.0
-113.0
86.0
558.0
1007.0
825.0
40.0
-461.0
-732.0
-705.0
-313.0
172.0
408.0
607.0
623.0
198.0
84.0
152.0
115.0
399.0
826.0
801.0
382.0
-112.0
-855.0
-981.0
-465.0
-97.0
434.0
1107.0
1101.0
909.0
619.0
-60.0
-808.0
-753.0
-453.0
-341.0
-9.0
397.0
653.0
645.0
223.0
-341.0
-654.0
-508.0
91.0
790.0
1057.0
1037.0
789.0
138.0
-331.0
-415.0
-283.0
114.0
643.0
683.0
527.0
356.0
-389.0
-741.0
-632.0
-644.0
-324.0
431.0
1224.0
1285.0
995.0
508.0
-289.0
-951.0
-1217.0
-1104.0
-699.0
348.0
1068.0
1338.0
1299.0
917.0
217.0
-441.0
-367.0
21.0
-20.0
107.0
474.0
648.0
617.0
179.0
-497.0
-674.0
-471.0
-82.0
405.0
650.0
339.0
24.0
-210.0
-210.0
156.0
421.0
576.0
782.0
692.0
187.0
-207.0
-597.0
-1086.0
-788.0
-197.0
337.0
919.0
1199.0
1312.0
1252.0
472.0
-542.0
-1080.0
-1137.0
-642.0
258.0
824.0
1298.0
1371.0
456.0
-385.0
-853.0
-1085.0
-884.0
-82.0
1002.0
1294.0
831.0
132.0
-644.0
-725.0
-277.0
126.0
641.0
884.0
713.0
491.0
266.0
-347.0
-636.0
-634.0
-420.0
201.0
741.0
974.0
1125.0
924.0
232.0
-581.0
-1150.0
-1085.0
-641.0
20.0
911.0
1341.0
1069.0
648.0
190.0
-261.0
-525.0
-487.0
-534.0
-317.0
255.0
561.0
755.0
682.0
-13.0
-396.0
-107.0
141.0
355.0
685.0
814.0
278.0
-348.0
-478.0
-485.0
-185.0
230.0
892.0
1260.0
957.0
530.0
-105.0
-655.0
-978.0
-1004.0
-567.0
77.0
818.0
1296.0
1020.0
266.0
-368.0
-765.0
-940.0
-631.0
34.0
713.0
1299.0
917.0
217.0
-441.0
-367.0
21.0
-20.0
107.0
474.0
648.0
617.0
179.0
-497.0
-674.0
-471.0
-82.0
405.0
650.0
339.0
24.0
-210.0
-210.0
156.0
421.0
576.0
782.0
692.0
187.0
-207.0
-597.0
-1086.0
-788.0
-197.0
337.0
919.0
1199.0
1312.0
1252.0
472.0
-542.0
-1080.0
-1137.0
-642.0
258.0
824.0
1298.0
1371.0
456.0
-385.0
-853.0
-1085.0
-884.0
-82.0
1002.0
1294.0
831.0
132.0
-644.0
-725.0
-277.0
126.0
641.0
884.0
713.0
