Gv1b1164_132
1
RAW_AUDIO_STREAM
1600
723.0
-315.0
-600.0
-913.0
-877.0
25.0
633.0
889.0
856.0
622.0
287.0
147.0
-2617.0
-29.0
219.0
-576.0
327.0
1052.0
171.0
32.0
241.0
-1211.0
-908.0
227.0
336.0
517.0
1180.0
1169.0
377.0
359.0
-112.0
-1406.0
-1355.0
-694.0
254.0
1170.0
1150.0
589.0
695.0
757.0
235.0
-29.0
-341.0
-1319.0
-1082.0
201.0
1045.0
1784.0
1700.0
471.0
-435.0
-1195.0
-1686.0
-991.0
167.0
752.0
1141.0
1569.0
640.0
-515.0
0.0
21.0
-759.0
-147.0
673.0
422.0
184.0
780.0
61.0
-1517.0
-805.0
-90.0
-14.0
613.0
1270.0
1334.0
1659.0
1305.0
-284.0
-1666.0
-2057.0
-1724.0
-246.0
1028.0
2198.0
1801.0
425.0
-237.0
-304.0
-249.0
96.0
0.0
-600.0
-211.0
791.0
863.0
415.0
92.0
250.0
-240.0
-597.0
129.0
77.0
-32.0
435.0
721.0
-367.0
-863.0
-108.0
-343.0
-556.0
331.0
1267.0
1809.0
1827.0
339.0
-725.0
-526.0
-623.0
-1147.0
-706.0
200.0
1049.0
1490.0
1028.0
532.0
-267.0
-987.0
133.0
305.0
-716.0
-298.0
-34.0
85.0
1671.0
1939.0
182.0
-1117.0
-1552.0
-992.0
-498.0
70.0
763.0
942.0
1061.0
378.0
-202.0
106.0
81.0
125.0
805.0
907.0
683.0
179.0
-317.0
-641.0
-1352.0
-733.0
771.0
583.0
367.0
1023.0
921.0
394.0
530.0
309.0
-1506.0
-2150.0
-959.0
-61.0
827.0
1767.0
1457.0
619.0
482.0
208.0
-613.0
-736.0
-713.0
-251.0
211.0
700.0
774.0
386.0
1220.0
972.0
-1093.0
-621.0
537.0
149.0
15.0
1567.0
1210.0
-1085.0
-1532.0
-663.0
-838.0
-895.0
229.0
667.0
861.0
1815.0
1446.0
-15.0
-601.0
-1333.0
-1374.0
60.0
221.0
245.0
909.0
1432.0
1378.0
1145.0
169.0
-800.0
-694.0
-26.0
352.0
27.0
-313.0
430.0
767.0
447.0
416.0
-496.0
-1540.0
-699.0
429.0
592.0
853.0
998.0
-649.0
-1007.0
283.0
158.0
-226.0
463.0
1048.0
1240.0
1095.0
1080.0
90.0
-1587.0
-1544.0
-1621.0
-825.0
775.0
921.0
1549.0
2715.0
1713.0
72.0
-1706.0
-2031.0
-1659.0
133.0
305.0
-716.0
-298.0
-34.0
85.0
1671.0
1939.0
182.0
-1117.0
-1552.0
-992.0
-498.0
70.0
763.0
942.0
1061.0
378.0
-202.0
106.0
81.0
125.0
805.0
907.0
683.0
179.0
-317.0
-641.0
-1352.0
-733.0
771.0
583.0
367.0
1023.0
921.0
394.0
530.0
309.0
-1506.0
-2150.0
-959.0
-61.0
827.0
1767.0
1457.0
619.0
482.0
208.0
-613.0
-736.0
-713.0
-251.0
211.0
700.0
774.0
386.0
1220.0
972.0
-1093.0
-621.0
537.0
149.0
15.0
1567.0
1210.0
-1085.0
-1532.0
-663.0
-838.0
-895.0
229.0
667.0
861.0
1815.0
1446.0
-15.0
-601.0
-1333.0
-1374.0
60.0
221.0
245.0
909.0
1432.0
1378.0
1145.0
169.0
-800.0
-694.0
-26.0
352.0
27.0
-313.0
430.0
767.0
447.0
416.0
-496.0
-1540.0
-699.0
429.0
592.0
853.0
998.0
-649.0
-1007.0
283.0
158.0
-226.0
463.0
1048.0
1240.0
1095.0
1080.0
90.0
-1587.0
-1544.0
-1621.0
-825.0
775.0
921.0
1549.0
2715.0
1713.0
72.0
-1706.0
-2031.0
-1659.0
-863.0
267.0
1751.0
1954.0
1254.0
545.0
-170.0
-769.0
-1314.0
-1312.0
-755.0
-177.0
1375.0
1554.0
1406.0
1087.0
249.0
-521.0
-435.0
236.0
40.0
-93.0
146.0
159.0
-70.0
273.0
-228.0
-517.0
-327.0
-625.0
40.0
1643.0
1722.0
480.0
141.0
346.0
-911.0
-1748.0
-814.0
-260.0
459.0
1237.0
906.0
946.0
940.0
-207.0
-873.0
-414.0
-369.0
-206.0
796.0
1310.0
1739.0
1095.0
-598.0
-1296.0
-1342.0
-1131.0
-413.0
627.0
1775.0
1743.0
473.0
-757.0
-1087.0
-432.0
-279.0
440.0
1043.0
1000.0
1037.0
799.0
103.0
-1382.0
-2107.0
-1347.0
-681.0
313.0
1298.0
1476.0
1455.0
1885.0
1506.0
-379.0
-1334.0
-1520.0
-1483.0
-843.0
1138.0
2135.0
1201.0
318.0
-92.0
-329.0
-166.0
-682.0
-1368.0
-764.0
764.0
1999.0
2045.0
1225.0
-67.0
-1270.0
-826.0
-53.0
-164.0
-46.0
572.0
825.0
481.0
107.0
-656.0
-1136.0
-750.0
-339.0
-56.0
1583.0
2466.0
1475.0
362.0
-510.0
-1438.0
-1827.0
-750.0
-438.0
156.0
1547.0
-863.0
267.0
1751.0
1954.0
1254.0
545.0
-170.0
-769.0
-1314.0
-1312.0
-755.0
-177.0
1375.0
1554.0
1406.0
1087.0
249.0
-521.0
-435.0
236.0
40.0
-93.0
146.0
159.0
-70.0
273.0
-228.0
-517.0
-327.0
-625.0
40.0
1643.0
1722.0
480.0
141.0
346.0
-911.0
-1748.0
-814.0
-260.0
459.0
1237.0
906.0
946.0
940.0
-207.0
-873.0
-414.0
-369.0
-206.0
796.0
1310.0
1739.0
1095.0
-598.0
-1296.0
-1342.0
-1131.0
-413.0
627.0
1775.0
1743.0
473.0
-757.0
-1087.0
-432.0
-279.0
440.0
1043.0
1000.0
1037.0
799.0
103.0
-1382.0
-2107.0
-1347.0
-681.0
313.0
1298.0
1476.0
1455.0
1885.0
1506.0
-379.0
-1334.0
-1520.0
-1483.0
-843.0
1138.0
2135.0
1201.0
318.0
-92.0
-329.0
-166.0
-682.0
-1368.0
-764.0
764.0
1999.0
2045.0
1225.0
-67.0
-1270.0
-826.0
-53.0
-164.0
-46.0
572.0
825.0
481.0
107.0
-656.0
-1136.0
-750.0
-339.0
-56.0
1583.0
2466.0
1475.0
362.0
-510.0
-1438.0
-1827.0
-750.0
-438.0
156.0
1547.0
1378.0
1141.0
900.0
-69.0
-859.0
-751.0
-255.0
-50.0
557.0
1048.0
1567.0
1453.0
-145.0
-1063.0
-1518.0
-1767.0
-1363.0
292.0
1183.0
1711.0
1895.0
654.0
-395.0
-491.0
-707.0
-978.0
39.0
1093.0
1516.0
1728.0
524.0
-1006.0
-1390.0
-1116.0
-1326.0
-350.0
674.0
1215.0
1733.0
2304.0
1737.0
-75.0
-1422.0
-1713.0
-2158.0
-1250.0
633.0
1683.0
1321.0
1162.0
365.0
-566.0
-593.0
-930.0
-535.0
203.0
1478.0
1705.0
276.0
520.0
639.0
-454.0
-805.0
430.0
44.0
-500.0
225.0
441.0
56.0
316.0
144.0
-892.0
-353.0
575.0
-82.0
445.0
1753.0
660.0
282.0
703.0
-1110.0
-2517.0
-1331.0
-755.0
-238.0
1430.0
1800.0
1676.0
2396.0
1185.0
-1184.0
-2063.0
-1550.0
-431.0
895.0
1559.0
1922.0
1774.0
590.0
-915.0
-2013.0
-1662.0
-1129.0
-6.0
1444.0
1302.0
1005.0
87.0
-601.0
16.0
421.0
-194.0
-230.0
184.0
616.0
1027.0
825.0
-257.0
-1437.0
-1547.0
-275.0
323.0
767.0
1631.0
1411.0
1492.0
2056.0
278.0
1378.0
1141.0
900.0
-69.0
-859.0
-751.0
-255.0
-50.0
557.0
1048.0
1567.0
1453.0
-145.0
-1063.0
-1518.0
-1767.0
-1363.0
292.0
1183.0
1711.0
1895.0
654.0
-395.0
-491.0
-707.0
-978.0
39.0
1093.0
1516.0
1728.0
524.0
-1006.0
-1390.0
-1116.0
-1326.0
-350.0
674.0
1215.0
1733.0
2304.0
1737.0
-75.0
-1422.0
-1713.0
-2158.0
-1250.0
633.0
1683.0
1321.0
1162.0
365.0
-566.0
-593.0
-930.0
-535.0
203.0
1478.0
1705.0
276.0
520.0
639.0
-454.0
-805.0
430.0
44.0
-500.0
225.0
441.0
56.0
316.0
144.0
-892.0
-353.0
575.0
-82.0
445.0
1753.0
660.0
282.0
703.0
-1110.0
-2517.0
-1331.0
-755.0
-238.0
1430.0
1800.0
1676.0
2396.0
1185.0
-1184.0
-2063.0
-1550.0
-431.0
895.0
1559.0
1922.0
1774.0
590.0
-915.0
-2013.0
-1662.0
-1129.0
-6.0
1444.0
1302.0
1005.0
87.0
-601.0
16.0
421.0
-194.0
-230.0
184.0
616.0
1027.0
825.0
-257.0
-1437.0
-1547.0
-275.0
323.0
767.0
1631.0
1411.0
1492.0
2056.0
278.0
-2155.0
-2545.0
-1975.0
-1168.0
254.0
1702.0
1540.0
1325.0
1373.0
196.0
-610.0
-815.0
-1074.0
-863.0
431.0
1299.0
1734.0
1619.0
305.0
-1015.0
-1364.0
-437.0
351.0
56.0
-114.0
767.0
1535.0
779.0
-538.0
-1362.0
-1973.0
-832.0
957.0
1978.0
2366.0
1521.0
303.0
-317.0
-1675.0
-2226.0
-1616.0
-814.0
-160.0
1302.0
2681.0
1889.0
1638.0
1096.0
-483.0
-1319.0
-1331.0
-1024.0
-665.0
458.0
2213.0
2343.0
811.0
-505.0
-1299.0
-2060.0
-1847.0
-245.0
1580.0
1876.0
1568.0
728.0
-801.0
-1030.0
-366.0
-272.0
402.0
776.0
565.0
977.0
983.0
172.0
-1063.0
-1420.0
-939.0
-756.0
-8.0
1339.0
1708.0
1369.0
1906.0
904.0
-1257.0
-1892.0
-1996.0
-1613.0
172.0
2476.0
2206.0
749.0
104.0
-51.0
-293.0
-334.0
-554.0
-853.0
-848.0
403.0
1955.0
1920.0
1344.0
-172.0
-1460.0
-824.0
-405.0
-793.0
-91.0
1260.0
1576.0
1021.0
272.0
-598.0
-1690.0
-1569.0
-389.0
553.0
2234.0
2640.0
925.0
-447.0
-1355.0
-1146.0
-501.0
-577.0
-2155.0
-2545.0
-1975.0
-1168.0
254.0
1702.0
1540.0
1325.0
1373.0
196.0
-610.0
-815.0
-1074.0
-863.0
431.0
1299.0
1734.0
1619.0
305.0
-1015.0
-1364.0
-437.0
351.0
56.0
-114.0
767.0
1535.0
779.0
-538.0
-1362.0
-1973.0
-832.0
957.0
1978.0
2366.0
1521.0
303.0
-317.0
-1675.0
-2226.0
-1616.0
-814.0
-160.0
1302.0
2681.0
1889.0
1638.0
1096.0
-483.0
-1319.0
-1331.0
-1024.0
-665.0
458.0
2213.0
2343.0
811.0
-505.0
-1299.0
-2060.0
-1847.0
-245.0
1580.0
1876.0
1568.0
728.0
-801.0
-1030.0
-366.0
-272.0
402.0
776.0
565.0
977.0
983.0
172.0
-1063.0
-1420.0
-939.0
-756.0
-8.0
1339.0
1708.0
1369.0
1906.0
904.0
-1257.0
-1892.0
-1996.0
-1613.0
172.0
2476.0
2206.0
749.0
104.0
-51.0
-293.0
-334.0
-554.0
-853.0
-848.0
403.0
1955.0
1920.0
1344.0
-172.0
-1460.0
-824.0
-405.0
-793.0
-91.0
1260.0
1576.0
1021.0
272.0
-598.0
-1690.0
-1569.0
-389.0
553.0
2234.0
2640.0
925.0
-447.0
-1355.0
-1146.0
-501.0
-577.0
-630.0
397.0
1063.0
1569.0
2007.0
895.0
-515.0
-863.0
-885.0
-810.0
-558.0
-273.0
887.0
2096.0
1809.0
618.0
-950.0
-2037.0
-1876.0
-906.0
669.0
1858.0
1519.0
484.0
268.0
331.0
-174.0
-904.0
-601.0
292.0
1034.0
1823.0
1736.0
176.0
-1918.0
-2180.0
-1060.0
-859.0
151.0
1470.0
1696.0
1993.0
2249.0
1186.0
-1007.0
-2435.0
-2643.0
-1800.0
-73.0
1865.0
2348.0
1899.0
821.0
-397.0
-1011.0
-1377.0
-1560.0
-476.0
775.0
1228.0
1407.0
1783.0
1743.0
280.0
-1330.0
-1247.0
-687.0
-536.0
294.0
890.0
620.0
82.0
-23.0
301.0
-385.0
-1391.0
-816.0
465.0
1992.0
2849.0
1164.0
-316.0
-1004.0
-1753.0
-1816.0
-993.0
-409.0
79.0
815.0
1691.0
2014.0
1750.0
188.0
-759.0
-1361.0
-1451.0
86.0
1195.0
1635.0
2276.0
1182.0
-488.0
-639.0
-1463.0
-2242.0
-1762.0
-217.0
1367.0
1997.0
1523.0
562.0
-371.0
32.0
281.0
-581.0
-409.0
359.0
465.0
1372.0
1078.0
-469.0
-1405.0
-2027.0
-2033.0
-828.0
1020.0
2157.0
2768.0
-630.0
397.0
1063.0
1569.0
2007.0
895.0
-515.0
-863.0
-885.0
-810.0
-558.0
-273.0
887.0
2096.0
1809.0
618.0
-950.0
-2037.0
-1876.0
-906.0
669.0
1858.0
1519.0
484.0
268.0
331.0
-174.0
-904.0
-601.0
292.0
1034.0
1823.0
1736.0
176.0
-1918.0
-2180.0
-1060.0
-859.0
151.0
1470.0
1696.0
1993.0
2249.0
1186.0
-1007.0
-2435.0
-2643.0
-1800.0
-73.0
1865.0
2348.0
1899.0
821.0
-397.0
-1011.0
-1377.0
-1560.0
-476.0
775.0
1228.0
1407.0
1783.0
1743.0
280.0
-1330.0
-1247.0
-687.0
-536.0
294.0
890.0
620.0
82.0
-23.0
301.0
-385.0
-1391.0
-816.0
465.0
1992.0
2849.0
1164.0
-316.0
-1004.0
-1753.0
-1816.0
-993.0
-409.0
79.0
815.0
1691.0
2014.0
1750.0
188.0
-759.0
-1361.0
-1451.0
86.0
1195.0
1635.0
2276.0
1182.0
-488.0
-639.0
-1463.0
-2242.0
-1762.0
-217.0
1367.0
1997.0
1523.0
562.0
-371.0
32.0
281.0
-581.0
-409.0
359.0
465.0
1372.0
1078.0
-469.0
-1405.0
-2027.0
-2033.0
-828.0
1020.0
2157.0
2768.0
2705.0
1632.0
559.0
-963.0
-2315.0
-2558.0
-1670.0
286.0
1773.0
2313.0
1405.0
114.0
-263.0
-885.0
-1218.0
-687.0
-186.0
140.0
1055.0
1653.0
1091.0
949.0
-26.0
-1500.0
-858.0
-203.0
-945.0
-589.0
1492.0
1485.0
664.0
617.0
-565.0
-1621.0
-614.0
812.0
1131.0
1635.0
1614.0
65.0
-363.0
-532.0
-1548.0
-1809.0
-1038.0
-6.0
899.0
1150.0
1871.0
1865.0
855.0
-473.0
-1762.0
-1300.0
-123.0
581.0
846.0
1300.0
1601.0
847.0
-638.0
-1232.0
-1503.0
-2002.0
-498.0
1376.0
1581.0
1508.0
809.0
62.0
184.0
88.0
-373.0
-474.0
-333.0
308.0
783.0
1503.0
800.0
-611.0
-1337.0
-1538.0
-1192.0
23.0
652.0
893.0
1315.0
2420.0
2238.0
655.0
-1736.0
-3217.0
-2849.0
-1605.0
554.0
2994.0
2601.0
1189.0
431.0
-518.0
-1062.0
-880.0
-200.0
-8.0
545.0
1230.0
1049.0
1189.0
531.0
-544.0
-805.0
49.0
124.0
-679.0
-557.0
581.0
1196.0
279.0
-351.0
-345.0
-731.0
-945.0
-550.0
36.0
1396.0
2165.0
961.0
-13.0
2705.0
1632.0
559.0
-963.0
-2315.0
-2558.0
-1670.0
286.0
1773.0
2313.0
1405.0
114.0
-263.0
-885.0
-1218.0
-687.0
-186.0
140.0
1055.0
1653.0
1091.0
949.0
-26.0
-1500.0
-858.0
-203.0
-945.0
-589.0
1492.0
1485.0
664.0
617.0
-565.0
-1621.0
-614.0
812.0
1131.0
1635.0
1614.0
65.0
-363.0
-532.0
-1548.0
-1809.0
-1038.0
-6.0
899.0
1150.0
1871.0
1865.0
855.0
-473.0
-1762.0
-1300.0
-123.0
581.0
846.0
1300.0
1601.0
847.0
-638.0
-1232.0
-1503.0
-2002.0
