Gv1b1164_131
1
RAW_AUDIO_STREAM
1600
940.0
429.0
-185.0
-599.0
-461.0
176.0
458.0
124.0
141.0
591.0
233.0
-707.0
-896.0
-10.0
455.0
309.0
885.0
1687.0
1386.0
22.0
-627.0
-785.0
-1537.0
-2052.0
-891.0
781.0
1532.0
1663.0
1803.0
1137.0
-168.0
-855.0
-957.0
-942.0
-269.0
92.0
132.0
1622.0
2232.0
377.0
-682.0
-902.0
-1568.0
-971.0
515.0
992.0
1525.0
1381.0
-491.0
-1039.0
35.0
-25.0
-549.0
155.0
1187.0
936.0
808.0
356.0
-969.0
-1070.0
-1108.0
-863.0
589.0
1235.0
1024.0
1116.0
1462.0
1084.0
-501.0
-1741.0
-1314.0
-761.0
-500.0
597.0
1536.0
990.0
634.0
173.0
-119.0
-120.0
-136.0
-12.0
-170.0
74.0
700.0
1094.0
923.0
211.0
-926.0
-2571.0
-892.0
430.0
511.0
1772.0
981.0
-18.0
-237.0
-389.0
-872.0
-389.0
184.0
449.0
1481.0
2272.0
1125.0
67.0
-397.0
-1464.0
-2154.0
-1431.0
-693.0
464.0
2008.0
2109.0
1762.0
1371.0
-504.0
-1569.0
-654.0
-349.0
-644.0
-81.0
785.0
1426.0
1082.0
68.0
-497.0
-913.0
-1054.0
-162.0
463.0
740.0
1261.0
681.0
-569.0
-356.0
464.0
453.0
136.0
-53.0
211.0
436.0
730.0
541.0
-355.0
-1252.0
-1317.0
-520.0
428.0
1345.0
1410.0
686.0
1206.0
1497.0
-558.0
-1990.0
-1607.0
-1363.0
-601.0
768.0
1434.0
1453.0
725.0
118.0
522.0
746.0
-266.0
-974.0
-409.0
715.0
903.0
368.0
952.0
813.0
-642.0
-1068.0
-489.0
-104.0
51.0
807.0
1008.0
63.0
-213.0
-27.0
-768.0
-806.0
239.0
-210.0
-518.0
1263.0
1669.0
738.0
491.0
-267.0
-1292.0
-908.0
-487.0
-366.0
681.0
1734.0
1788.0
1123.0
701.0
-142.0
-1014.0
-928.0
-510.0
-426.0
185.0
1306.0
1605.0
501.0
71.0
-327.0
-1266.0
-1318.0
-432.0
596.0
1212.0
955.0
-67.0
-1186.0
-716.0
562.0
829.0
168.0
-22.0
551.0
687.0
680.0
477.0
-422.0
-863.0
-575.0
-243.0
276.0
928.0
1542.0
1752.0
1342.0
22.0
-1676.0
-2301.0
-1671.0
-856.0
205.0
1514.0
1702.0
1137.0
931.0
527.0
-102.0
-532.0
-854.0
-855.0
-743.0
-1054.0
-162.0
463.0
740.0
1261.0
681.0
-569.0
-356.0
464.0
453.0
136.0
-53.0
211.0
436.0
730.0
541.0
-355.0
-1252.0
-1317.0
-520.0
428.0
1345.0
1410.0
686.0
1206.0
1497.0
-558.0
-1990.0
-1607.0
-1363.0
-601.0
768.0
1434.0
1453.0
725.0
118.0
522.0
746.0
-266.0
-974.0
-409.0
715.0
903.0
368.0
952.0
813.0
-642.0
-1068.0
-489.0
-104.0
51.0
807.0
1008.0
63.0
-213.0
-27.0
-768.0
-806.0
239.0
-210.0
-518.0
1263.0
1669.0
738.0
491.0
-267.0
-1292.0
-908.0
-487.0
-366.0
681.0
1734.0
1788.0
1123.0
701.0
-142.0
-1014.0
-928.0
-510.0
-426.0
185.0
1306.0
1605.0
501.0
71.0
-327.0
-1266.0
-1318.0
-432.0
596.0
1212.0
955.0
-67.0
-1186.0
-716.0
562.0
829.0
168.0
-22.0
551.0
687.0
680.0
477.0
-422.0
-863.0
-575.0
-243.0
276.0
928.0
1542.0
1752.0
1342.0
22.0
-1676.0
-2301.0
-1671.0
-856.0
205.0
1514.0
1702.0
1137.0
931.0
527.0
-102.0
-532.0
-854.0
-855.0
-743.0
147.0
723.0
828.0
1423.0
1210.0
-537.0
-917.0
314.0
568.0
162.0
841.0
1051.0
-498.0
-1369.0
-409.0
-36.0
-548.0
-94.0
607.0
1407.0
1972.0
720.0
-531.0
-231.0
-843.0
-1577.0
-632.0
-320.0
203.0
938.0
1023.0
1014.0
663.0
-193.0
-277.0
31.0
-245.0
-103.0
54.0
514.0
1426.0
1915.0
831.0
-384.0
-748.0
-1947.0
-1976.0
-165.0
818.0
1300.0
1400.0
498.0
-44.0
-388.0
-730.0
-475.0
45.0
950.0
1044.0
986.0
898.0
-306.0
-836.0
-859.0
-1408.0
-642.0
339.0
340.0
1546.0
2207.0
1119.0
938.0
70.0
-1773.0
-2034.0
-1253.0
-244.0
1142.0
1664.0
1100.0
504.0
172.0
230.0
-162.0
-814.0
-696.0
-593.0
-278.0
708.0
1411.0
1837.0
815.0
-785.0
-1045.0
-21.0
393.0
150.0
268.0
235.0
-377.0
-438.0
-194.0
-373.0
-371.0
41.0
349.0
1057.0
1682.0
889.0
-215.0
-156.0
-165.0
-602.0
-628.0
-461.0
276.0
859.0
835.0
911.0
1034.0
416.0
-649.0
-1230.0
-456.0
267.0
113.0
239.0
731.0
147.0
723.0
828.0
1423.0
1210.0
-537.0
-917.0
314.0
568.0
162.0
841.0
1051.0
-498.0
-1369.0
-409.0
-36.0
-548.0
-94.0
607.0
1407.0
1972.0
720.0
-531.0
-231.0
-843.0
-1577.0
-632.0
-320.0
203.0
938.0
1023.0
1014.0
663.0
-193.0
-277.0
31.0
-245.0
-103.0
54.0
514.0
1426.0
1915.0
831.0
-384.0
-748.0
-1947.0
-1976.0
-165.0
818.0
1300.0
1400.0
498.0
-44.0
-388.0
-730.0
-475.0
45.0
950.0
1044.0
986.0
898.0
-306.0
-836.0
-859.0
-1408.0
-642.0
339.0
340.0
1546.0
2207.0
1119.0
938.0
70.0
-1773.0
-2034.0
-1253.0
-244.0
1142.0
1664.0
1100.0
504.0
172.0
230.0
-162.0
-814.0
-696.0
-593.0
-278.0
708.0
1411.0
1837.0
815.0
-785.0
-1045.0
-21.0
393.0
150.0
268.0
235.0
-377.0
-438.0
-194.0
-373.0
-371.0
41.0
349.0
1057.0
1682.0
889.0
-215.0
-156.0
-165.0
-602.0
-628.0
-461.0
276.0
859.0
835.0
911.0
1034.0
416.0
-649.0
-1230.0
-456.0
267.0
113.0
239.0
731.0
1720.0
1149.0
-697.0
-1348.0
-1372.0
-1603.0
-848.0
734.0
1516.0
1853.0
1397.0
-16.0
-331.0
-69.0
-410.0
-132.0
504.0
702.0
634.0
643.0
120.0
-1073.0
-611.0
-804.0
-1683.0
-194.0
1094.0
1443.0
1900.0
2056.0
903.0
-400.0
-917.0
-1173.0
-1403.0
-779.0
247.0
674.0
1224.0
1163.0
475.0
-1.0
-601.0
-836.0
-337.0
101.0
571.0
646.0
818.0
1198.0
721.0
-115.0
-343.0
-126.0
-193.0
-662.0
-578.0
-40.0
201.0
-46.0
392.0
129.0
-359.0
-553.0
-287.0
777.0
2255.0
2424.0
937.0
-149.0
-1369.0
-2362.0
-1662.0
-670.0
-239.0
953.0
1631.0
1334.0
916.0
772.0
99.0
-682.0
-525.0
-362.0
-352.0
22.0
975.0
2218.0
2032.0
226.0
-1432.0
-1744.0
-1891.0
-1411.0
-470.0
1014.0
1998.0
1804.0
929.0
-177.0
-922.0
-203.0
258.0
245.0
497.0
377.0
307.0
228.0
305.0
-181.0
-1233.0
-1309.0
-458.0
656.0
1585.0
1480.0
1039.0
1361.0
1138.0
-758.0
-2021.0
-1568.0
-1000.0
-1278.0
160.0
2032.0
1754.0
1260.0
1720.0
1149.0
-697.0
-1348.0
-1372.0
-1603.0
-848.0
734.0
1516.0
1853.0
1397.0
-16.0
-331.0
-69.0
-410.0
-132.0
504.0
702.0
634.0
643.0
120.0
-1073.0
-611.0
-804.0
-1683.0
-194.0
1094.0
1443.0
1900.0
2056.0
903.0
-400.0
-917.0
-1173.0
-1403.0
-779.0
247.0
674.0
1224.0
1163.0
475.0
-1.0
-601.0
-836.0
-337.0
101.0
571.0
646.0
818.0
1198.0
721.0
-115.0
-343.0
-126.0
-193.0
-662.0
-578.0
-40.0
201.0
-46.0
392.0
129.0
-359.0
-553.0
-287.0
777.0
2255.0
2424.0
937.0
-149.0
-1369.0
-2362.0
-1662.0
-670.0
-239.0
953.0
1631.0
1334.0
916.0
772.0
99.0
-682.0
-525.0
-362.0
-352.0
22.0
975.0
2218.0
2032.0
226.0
-1432.0
-1744.0
-1891.0
-1411.0
-470.0
1014.0
1998.0
1804.0
929.0
-177.0
-922.0
-203.0
258.0
245.0
497.0
377.0
307.0
228.0
305.0
-181.0
-1233.0
-1309.0
-458.0
656.0
1585.0
1480.0
1039.0
1361.0
1138.0
-758.0
-2021.0
-1568.0
-1000.0
-1278.0
160.0
2032.0
1754.0
1260.0
723.0
-315.0
-600.0
-913.0
-877.0
25.0
633.0
889.0
856.0
622.0
287.0
147.0
-2617.0
-29.0
219.0
-576.0
327.0
1052.0
171.0
32.0
241.0
-1211.0
-908.0
227.0
336.0
517.0
1180.0
1169.0
377.0
359.0
-112.0
-1406.0
-1355.0
-694.0
254.0
1170.0
1150.0
589.0
695.0
757.0
235.0
-29.0
-341.0
-1319.0
-1082.0
201.0
1045.0
1784.0
1700.0
471.0
-435.0
-1195.0
-1686.0
-991.0
167.0
752.0
1141.0
1569.0
640.0
-515.0
0.0
21.0
-759.0
-147.0
673.0
422.0
184.0
780.0
61.0
-1517.0
-805.0
-90.0
-14.0
613.0
1270.0
1334.0
1659.0
1305.0
-284.0
-1666.0
-2057.0
-1724.0
-246.0
1028.0
2198.0
1801.0
425.0
-237.0
-304.0
-249.0
96.0
0.0
-600.0
-211.0
791.0
863.0
415.0
92.0
250.0
-240.0
-597.0
129.0
77.0
-32.0
435.0
721.0
-367.0
-863.0
-108.0
-343.0
-556.0
331.0
1267.0
1809.0
1827.0
339.0
-725.0
-526.0
-623.0
-1147.0
-706.0
200.0
1049.0
1490.0
1028.0
532.0
-267.0
-987.0
723.0
-315.0
-600.0
-913.0
-877.0
25.0
633.0
889.0
856.0
622.0
287.0
147.0
-2617.0
-29.0
219.0
-576.0
327.0
1052.0
171.0
32.0
241.0
-1211.0
-908.0
227.0
336.0
517.0
1180.0
1169.0
377.0
359.0
-112.0
-1406.0
-1355.0
-694.0
254.0
1170.0
1150.0
589.0
695.0
757.0
235.0
-29.0
-341.0
-1319.0
-1082.0
201.0
1045.0
1784.0
1700.0
471.0
-435.0
-1195.0
-1686.0
-991.0
167.0
752.0
1141.0
1569.0
640.0
-515.0
0.0
21.0
-759.0
-147.0
673.0
422.0
184.0
780.0
61.0
-1517.0
-805.0
-90.0
-14.0
613.0
1270.0
1334.0
1659.0
1305.0
-284.0
-1666.0
-2057.0
-1724.0
-246.0
1028.0
2198.0
1801.0
425.0
-237.0
-304.0
-249.0
96.0
0.0
-600.0
-211.0
791.0
863.0
415.0
92.0
250.0
-240.0
-597.0
129.0
77.0
-32.0
435.0
721.0
-367.0
-863.0
-108.0
-343.0
-556.0
331.0
1267.0
1809.0
1827.0
339.0
-725.0
-526.0
-623.0
-1147.0
-706.0
200.0
1049.0
1490.0
1028.0
532.0
-267.0
-987.0
133.0
305.0
-716.0
-298.0
-34.0
85.0
1671.0
1939.0
182.0
-1117.0
-1552.0
-992.0
-498.0
70.0
763.0
942.0
1061.0
378.0
-202.0
106.0
81.0
125.0
805.0
907.0
683.0
179.0
-317.0
-641.0
-1352.0
-733.0
771.0
583.0
367.0
1023.0
921.0
394.0
530.0
309.0
-1506.0
-2150.0
-959.0
-61.0
827.0
1767.0
1457.0
619.0
482.0
208.0
-613.0
-736.0
-713.0
-251.0
211.0
700.0
774.0
386.0
1220.0
972.0
-1093.0
-621.0
537.0
149.0
15.0
1567.0
1210.0
-1085.0
-1532.0
-663.0
-838.0
-895.0
229.0
667.0
861.0
1815.0
1446.0
-15.0
-601.0
-1333.0
-1374.0
60.0
221.0
245.0
909.0
1432.0
1378.0
1145.0
169.0
-800.0
-694.0
-26.0
352.0
27.0
-313.0
430.0
767.0
447.0
416.0
-496.0
-1540.0
-699.0
429.0
592.0
853.0
998.0
-649.0
-1007.0
283.0
158.0
-226.0
463.0
1048.0
1240.0
1095.0
1080.0
90.0
-1587.0
-1544.0
-1621.0
-825.0
775.0
921.0
1549.0
2715.0
1713.0
72.0
-1706.0
-2031.0
-1659.0
133.0
305.0
-716.0
-298.0
-34.0
85.0
1671.0
1939.0
182.0
-1117.0
-1552.0
-992.0
-498.0
70.0
763.0
942.0
1061.0
378.0
-202.0
106.0
81.0
125.0
805.0
907.0
683.0
179.0
-317.0
-641.0
-1352.0
-733.0
771.0
583.0
367.0
1023.0
921.0
394.0
530.0
309.0
-1506.0
-2150.0
-959.0
-61.0
827.0
1767.0
1457.0
619.0
482.0
208.0
-613.0
-736.0
-713.0
-251.0
211.0
700.0
774.0
386.0
1220.0
972.0
-1093.0
-621.0
537.0
149.0
15.0
1567.0
1210.0
-1085.0
-1532.0
-663.0
-838.0
-895.0
229.0
667.0
861.0
1815.0
1446.0
-15.0
-601.0
-1333.0
-1374.0
60.0
221.0
245.0
909.0
1432.0
1378.0
1145.0
169.0
-800.0
-694.0
-26.0
352.0
27.0
-313.0
430.0
767.0
447.0
416.0
-496.0
-1540.0
-699.0
429.0
592.0
853.0
998.0
-649.0
-1007.0
283.0
158.0
-226.0
463.0
1048.0
1240.0
1095.0
1080.0
90.0
-1587.0
-1544.0
-1621.0
-825.0
775.0
921.0
1549.0
2715.0
1713.0
72.0
-1706.0
-2031.0
-1659.0
-863.0
267.0
1751.0
1954.0
1254.0
545.0
-170.0
-769.0
-1314.0
-1312.0
-755.0
-177.0
1375.0
1554.0
1406.0
1087.0
249.0
-521.0
-435.0
236.0
40.0
-93.0
146.0
159.0
-70.0
273.0
-228.0
-517.0
-327.0
-625.0
40.0
1643.0
1722.0
480.0
141.0
346.0
-911.0
-1748.0
-814.0
-260.0
459.0
1237.0
906.0
946.0
940.0
-207.0
-873.0
-414.0
-369.0
-206.0
796.0
1310.0
1739.0
1095.0
-598.0
-1296.0
-1342.0
-1131.0
-413.0
627.0
1775.0
1743.0
473.0
-757.0
-1087.0
-432.0
-279.0
440.0
1043.0
1000.0
1037.0
799.0
103.0
-1382.0
-2107.0
-1347.0
-681.0
313.0
1298.0
1476.0
1455.0
1885.0
1506.0
-379.0
-1334.0
-1520.0
-1483.0
-843.0
1138.0
2135.0
1201.0
318.0
-92.0
-329.0
-166.0
-682.0
-1368.0
-764.0
764.0
1999.0
2045.0
1225.0
-67.0
-1270.0
-826.0
-53.0
-164.0
-46.0
572.0
825.0
481.0
107.0
-656.0
-1136.0
-750.0
-339.0
-56.0
1583.0
2466.0
1475.0
362.0
-510.0
-1438.0
-1827.0
-750.0
-438.0
156.0
1547.0
-863.0
267.0
1751.0
1954.0
1254.0
545.0
-170.0
-769.0
-1314.0
-1312.0
-755.0
-177.0
1375.0
1554.0
1406.0
1087.0
249.0
-521.0
-435.0
236.0
40.0
-93.0
146.0
159.0
-70.0
273.0
-228.0
-517.0
-327.0
-625.0
40.0
1643.0
1722.0
480.0
141.0
346.0
-911.0
-1748.0
-814.0
-260.0
459.0
1237.0
906.0
946.0
940.0
-207.0
-873.0
-414.0
-369.0
-206.0
796.0
1310.0
1739.0
1095.0
-598.0
-1296.0
-1342.0
-1131.0
-413.0
627.0
1775.0
1743.0
473.0
-757.0
