Gv1b1164_118
1
RAW_AUDIO_STREAM
1600
527.0
721.0
823.0
588.0
263.0
15.0
-446.0
-640.0
-482.0
-305.0
-20.0
305.0
595.0
871.0
669.0
440.0
65.0
-414.0
-519.0
-261.0
30.0
228.0
492.0
557.0
165.0
-210.0
-270.0
-240.0
-393.0
-176.0
381.0
740.0
742.0
532.0
465.0
395.0
174.0
90.0
188.0
182.0
218.0
52.0
-230.0
-398.0
-410.0
-215.0
42.0
208.0
351.0
639.0
777.0
459.0
115.0
-147.0
-434.0
-699.0
-459.0
107.0
447.0
610.0
516.0
352.0
201.0
117.0
-1.0
72.0
203.0
204.0
461.0
609.0
539.0
464.0
66.0
-212.0
-346.0
-463.0
-368.0
-174.0
-154.0
-93.0
244.0
390.0
187.0
202.0
497.0
684.0
606.0
375.0
112.0
-338.0
-650.0
-635.0
-361.0
84.0
354.0
778.0
1031.0
877.0
527.0
74.0
-494.0
-682.0
-422.0
-103.0
198.0
603.0
736.0
597.0
318.0
-12.0
-342.0
-493.0
-434.0
-15.0
404.0
503.0
417.0
263.0
44.0
24.0
169.0
225.0
220.0
106.0
6.0
-84.0
-199.0
-177.0
-106.0
80.0
320.0
510.0
612.0
664.0
657.0
424.0
74.0
-334.0
-591.0
-602.0
-209.0
486.0
839.0
670.0
333.0
-37.0
-253.0
-170.0
-114.0
-14.0
29.0
200.0
395.0
500.0
430.0
224.0
45.0
-122.0
-120.0
-6.0
111.0
109.0
56.0
163.0
91.0
-108.0
55.0
257.0
579.0
916.0
904.0
472.0
-104.0
-479.0
-418.0
-439.0
-439.0
-229.0
214.0
663.0
824.0
569.0
139.0
-304.0
-475.0
-501.0
-161.0
234.0
405.0
730.0
833.0
633.0
183.0
-378.0
-322.0
-168.0
37.0
338.0
528.0
515.0
307.0
124.0
43.0
233.0
336.0
484.0
445.0
122.0
-212.0
-609.0
-740.0
-532.0
-152.0
216.0
457.0
461.0
412.0
463.0
524.0
300.0
-112.0
-512.0
-572.0
-156.0
417.0
878.0
985.0
773.0
138.0
-208.0
-92.0
-8.0
-28.0
57.0
16.0
145.0
408.0
480.0
508.0
241.0
-102.0
-237.0
-261.0
-301.0
-201.0
69.0
100.0
-107.0
-139.0
22.0
163.0
295.0
551.0
665.0
664.0
593.0
-106.0
80.0
320.0
510.0
612.0
664.0
657.0
424.0
74.0
-334.0
-591.0
-602.0
-209.0
486.0
839.0
670.0
333.0
-37.0
-253.0
-170.0
-114.0
-14.0
29.0
200.0
395.0
500.0
430.0
224.0
45.0
-122.0
-120.0
-6.0
111.0
109.0
56.0
163.0
91.0
-108.0
55.0
257.0
579.0
916.0
904.0
472.0
-104.0
-479.0
-418.0
-439.0
-439.0
-229.0
214.0
663.0
824.0
569.0
139.0
-304.0
-475.0
-501.0
-161.0
234.0
405.0
730.0
833.0
633.0
183.0
-378.0
-322.0
-168.0
37.0
338.0
528.0
515.0
307.0
124.0
43.0
233.0
336.0
484.0
445.0
122.0
-212.0
-609.0
-740.0
-532.0
-152.0
216.0
457.0
461.0
412.0
463.0
524.0
300.0
-112.0
-512.0
-572.0
-156.0
417.0
878.0
985.0
773.0
138.0
-208.0
-92.0
-8.0
-28.0
57.0
16.0
145.0
408.0
480.0
508.0
241.0
-102.0
-237.0
-261.0
-301.0
-201.0
69.0
100.0
-107.0
-139.0
22.0
163.0
295.0
551.0
665.0
664.0
593.0
370.0
-5.0
-425.0
-491.0
-235.0
131.0
522.0
799.0
842.0
492.0
1.0
-451.0
-682.0
-573.0
-159.0
397.0
623.0
599.0
420.0
82.0
-169.0
-310.0
-360.0
-235.0
91.0
410.0
474.0
349.0
87.0
-1.0
41.0
292.0
588.0
687.0
693.0
564.0
103.0
-441.0
-547.0
-463.0
-343.0
35.0
518.0
667.0
590.0
651.0
545.0
27.0
-575.0
-922.0
-879.0
-319.0
472.0
1073.0
1198.0
558.0
2.0
-227.0
-413.0
-374.0
-102.0
162.0
356.0
495.0
962.0
1075.0
547.0
-112.0
-582.0
-663.0
-353.0
48.0
243.0
172.0
37.0
16.0
165.0
388.0
533.0
399.0
282.0
367.0
250.0
46.0
10.0
-156.0
-434.0
-739.0
-528.0
-86.0
322.0
772.0
961.0
801.0
456.0
-168.0
-437.0
-221.0
-43.0
181.0
390.0
486.0
632.0
557.0
83.0
-300.0
-296.0
-1.0
182.0
385.0
499.0
327.0
-162.0
-406.0
-273.0
110.0
378.0
509.0
458.0
295.0
-20.0
-397.0
-471.0
-503.0
-333.0
161.0
592.0
771.0
370.0
-5.0
-425.0
-491.0
-235.0
131.0
522.0
799.0
842.0
492.0
1.0
-451.0
-682.0
-573.0
-159.0
397.0
623.0
599.0
420.0
82.0
-169.0
-310.0
-360.0
-235.0
91.0
410.0
474.0
349.0
87.0
-1.0
41.0
292.0
588.0
687.0
693.0
564.0
103.0
-441.0
-547.0
-463.0
-343.0
35.0
518.0
667.0
590.0
651.0
545.0
27.0
-575.0
-922.0
-879.0
-319.0
472.0
1073.0
1198.0
558.0
2.0
-227.0
-413.0
-374.0
-102.0
162.0
356.0
495.0
962.0
1075.0
547.0
-112.0
-582.0
-663.0
-353.0
48.0
243.0
172.0
37.0
16.0
165.0
388.0
533.0
399.0
282.0
367.0
250.0
46.0
10.0
-156.0
-434.0
-739.0
-528.0
-86.0
322.0
772.0
961.0
801.0
456.0
-168.0
-437.0
-221.0
-43.0
181.0
390.0
486.0
632.0
557.0
83.0
-300.0
-296.0
-1.0
182.0
385.0
499.0
327.0
-162.0
-406.0
-273.0
110.0
378.0
509.0
458.0
295.0
-20.0
-397.0
-471.0
-503.0
-333.0
161.0
592.0
771.0
917.0
849.0
552.0
122.0
-262.0
-567.0
-683.0
-379.0
150.0
752.0
1084.0
781.0
247.0
-132.0
-224.0
-68.0
-10.0
-91.0
-181.0
99.0
512.0
544.0
362.0
105.0
-49.0
-271.0
-498.0
-392.0
-144.0
28.0
248.0
360.0
382.0
433.0
407.0
287.0
499.0
579.0
547.0
458.0
36.0
-343.0
-397.0
-346.0
-178.0
134.0
457.0
659.0
585.0
311.0
82.0
-270.0
-475.0
-327.0
-82.0
215.0
376.0
399.0
303.0
153.0
-56.0
-304.0
-338.0
-141.0
287.0
705.0
795.0
526.0
207.0
22.0
-33.0
188.0
339.0
347.0
275.0
308.0
378.0
-23.0
-354.0
-528.0
-564.0
-315.0
165.0
539.0
606.0
668.0
558.0
273.0
-179.0
-801.0
-900.0
-513.0
163.0
718.0
981.0
985.0
571.0
187.0
-60.0
-230.0
-154.0
170.0
240.0
220.0
438.0
596.0
490.0
390.0
-21.0
-357.0
-314.0
-205.0
-181.0
-229.0
-58.0
12.0
-20.0
195.0
219.0
124.0
240.0
628.0
903.0
507.0
-74.0
-425.0
-486.0
-444.0
917.0
849.0
552.0
122.0
-262.0
-567.0
-683.0
-379.0
150.0
752.0
1084.0
781.0
247.0
-132.0
-224.0
-68.0
-10.0
-91.0
-181.0
99.0
512.0
544.0
362.0
105.0
-49.0
-271.0
-498.0
-392.0
-144.0
28.0
248.0
360.0
382.0
433.0
407.0
287.0
499.0
579.0
547.0
458.0
36.0
-343.0
-397.0
-346.0
-178.0
134.0
457.0
659.0
585.0
311.0
82.0
-270.0
-475.0
-327.0
-82.0
215.0
376.0
399.0
303.0
153.0
-56.0
-304.0
-338.0
-141.0
287.0
705.0
795.0
526.0
207.0
22.0
-33.0
188.0
339.0
347.0
275.0
308.0
378.0
-23.0
-354.0
-528.0
-564.0
-315.0
165.0
539.0
606.0
668.0
558.0
273.0
-179.0
-801.0
-900.0
-513.0
163.0
718.0
981.0
985.0
571.0
187.0
-60.0
-230.0
-154.0
170.0
240.0
220.0
438.0
596.0
490.0
390.0
-21.0
-357.0
-314.0
-205.0
-181.0
-229.0
-58.0
12.0
-20.0
195.0
219.0
124.0
240.0
628.0
903.0
507.0
-74.0
-425.0
-486.0
-444.0
-283.0
199.0
712.0
924.0
986.0
762.0
153.0
-408.0
-635.0
-433.0
-90.0
100.0
300.0
585.0
761.0
562.0
-18.0
-674.0
-741.0
-485.0
-91.0
534.0
866.0
554.0
99.0
-15.0
-117.0
-51.0
223.0
360.0
420.0
425.0
321.0
-56.0
-230.0
-313.0
-297.0
124.0
385.0
430.0
663.0
755.0
408.0
184.0
-106.0
-529.0
-738.0
-468.0
-25.0
407.0
786.0
734.0
330.0
-60.0
-213.0
-93.0
-62.0
86.0
236.0
148.0
301.0
514.0
506.0
308.0
12.0
-102.0
-158.0
-9.0
118.0
-5.0
-4.0
33.0
18.0
14.0
76.0
294.0
584.0
810.0
775.0
427.0
-121.0
-779.0
-818.0
-494.0
-249.0
220.0
687.0
871.0
687.0
216.0
-118.0
-397.0
-608.0
-460.0
-16.0
424.0
884.0
925.0
694.0
485.0
-109.0
-623.0
-508.0
-304.0
126.0
572.0
612.0
483.0
327.0
178.0
-15.0
43.0
267.0
198.0
66.0
76.0
-172.0
-370.0
-373.0
-245.0
-189.0
-174.0
436.0
745.0
834.0
756.0
350.0
162.0
-283.0
199.0
712.0
924.0
986.0
762.0
153.0
-408.0
-635.0
-433.0
-90.0
100.0
300.0
585.0
761.0
562.0
-18.0
-674.0
-741.0
-485.0
-91.0
534.0
866.0
554.0
99.0
-15.0
-117.0
-51.0
223.0
360.0
420.0
425.0
321.0
-56.0
-230.0
-313.0
-297.0
124.0
385.0
430.0
663.0
755.0
408.0
184.0
-106.0
-529.0
-738.0
-468.0
-25.0
407.0
786.0
734.0
330.0
-60.0
-213.0
-93.0
-62.0
86.0
236.0
148.0
301.0
514.0
506.0
308.0
12.0
-102.0
-158.0
-9.0
118.0
-5.0
-4.0
33.0
18.0
14.0
76.0
294.0
584.0
810.0
775.0
427.0
-121.0
-779.0
-818.0
-494.0
-249.0
220.0
687.0
871.0
687.0
216.0
-118.0
-397.0
-608.0
-460.0
-16.0
424.0
884.0
925.0
694.0
485.0
-109.0
-623.0
-508.0
-304.0
126.0
572.0
612.0
483.0
327.0
178.0
-15.0
43.0
267.0
198.0
66.0
76.0
-172.0
-370.0
-373.0
-245.0
-189.0
-174.0
436.0
745.0
834.0
756.0
350.0
162.0
-309.0
-647.0
-292.0
151.0
483.0
831.0
867.0
286.0
-216.0
-343.0
-306.0
-38.0
260.0
333.0
413.0
640.0
604.0
279.0
-72.0
-277.0
-365.0
-358.0
-36.0
282.0
109.0
-132.0
-168.0
-90.0
7.0
104.0
282.0
563.0
837.0
810.0
532.0
306.0
-219.0
-630.0
-697.0
-404.0
231.0
839.0
1035.0
930.0
521.0
-86.0
-470.0
-528.0
-373.0
-116.0
9.0
110.0
430.0
636.0
498.0
130.0
-198.0
-350.0
-395.0
-172.0
204.0
520.0
508.0
322.0
108.0
132.0
479.0
658.0
370.0
222.0
237.0
121.0
-275.0
-470.0
-489.0
-412.0
27.0
471.0
809.0
919.0
762.0
349.0
-117.0
-336.0
-660.0
-825.0
-563.0
82.0
768.0
945.0
843.0
454.0
-219.0
-570.0
-415.0
-124.0
186.0
465.0
703.0
934.0
948.0
604.0
150.0
-281.0
-490.0
-379.0
-195.0
-186.0
-94.0
105.0
184.0
238.0
175.0
37.0
19.0
353.0
636.0
541.0
419.0
246.0
-289.0
-674.0
-653.0
-357.0
81.0
572.0
759.0
897.0
-309.0
-647.0
-292.0
151.0
483.0
831.0
867.0
286.0
-216.0
-343.0
-306.0
-38.0
260.0
333.0
413.0
640.0
604.0
279.0
-72.0
-277.0
-365.0
-358.0
-36.0
282.0
109.0
-132.0
-168.0
-90.0
7.0
104.0
282.0
563.0
837.0
810.0
532.0
306.0
-219.0
-630.0
-697.0
-404.0
231.0
839.0
1035.0
930.0
521.0
-86.0
-470.0
-528.0
-373.0
-116.0
9.0
110.0
430.0
636.0
498.0
130.0
-198.0
-350.0
-395.0
-172.0
204.0
520.0
508.0
322.0
108.0
132.0
479.0
658.0
370.0
222.0
237.0
121.0
-275.0
-470.0
-489.0
-412.0
27.0
471.0
809.0
919.0
762.0
349.0
-117.0
-336.0
-660.0
-825.0
-563.0
82.0
768.0
945.0
843.0
454.0
-219.0
-570.0
-415.0
-124.0
186.0
465.0
703.0
934.0
948.0
604.0
150.0
-281.0
-490.0
-379.0
-195.0
-186.0
-94.0
105.0
184.0
238.0
175.0
37.0
19.0
353.0
636.0
541.0
419.0
246.0
-289.0
-674.0
-653.0
-357.0
81.0
572.0
759.0
897.0
688.0
109.0
-68.0
-68.0
-134.0
-138.0
69.0
399.0
530.0
570.0
385.0
-133.0
-498.0
-463.0
-280.0
40.0
542.0
662.0
475.0
197.0
-148.0
-132.0
173.0
426.0
511.0
328.0
139.0
-57.0
-457.0
-720.0
-697.0
-251.0
209.0
624.0
1146.0
1328.0
1048.0
678.0
153.0
-592.0
-1128.0
-1084.0
-527.0
442.0
1270.0
1227.0
737.0
117.0
-479.0
-685.0
-455.0
-242.0
-49.0
470.0
912.0
869.0
494.0
59.0
-378.0
-633.0
-503.0
-38.0
408.0
378.0
181.0
476.0
609.0
274.0
27.0
4.0
84.0
344.0
579.0
546.0
226.0
-332.0
-658.0
-581.0
-179.0
435.0
651.0
618.0
663.0
291.0
-133.0
-246.0
-345.0
-573.0
-464.0
101.0
547.0
647.0
535.0
268.0
-27.0
-154.0
35.0
166.0
255.0
574.0
730.0
442.0
-94.0
-283.0
-5.0
143.0
140.0
320.0
496.0
402.0
166.0
-212.0
-447.0
-615.0
-565.0
-149.0
348.0
833.0
1087.0
817.0
286.0
-114.0
-474.0
-876.0
-802.0
-319.0
450.0
1060.0
688.0
109.0
-68.0
-68.0
-134.0
-138.0
69.0
399.0
530.0
570.0
385.0
-133.0
-498.0
-463.0
-280.0
40.0
542.0
662.0
475.0
197.0
-148.0
-132.0
173.0
426.0
511.0
328.0
139.0
-57.0
-457.0
-720.0
-697.0
-251.0
209.0
624.0
1146.0
1328.0
1048.0
678.0
153.0
-592.0
-1128.0
-1084.0
-527.0
442.0
1270.0
1227.0
737.0
117.0
-479.0
-685.0
-455.0
-242.0
-49.0
470.0
912.0
869.0
494.0
59.0
-378.0
-633.0
-503.0
-38.0
408.0
378.0
