Gv1b1164_124
1
RAW_AUDIO_STREAM
1600
323.0
491.0
790.0
1224.0
1035.0
468.0
-53.0
-625.0
-711.0
-207.0
180.0
359.0
513.0
191.0
-179.0
-205.0
76.0
101.0
142.0
507.0
562.0
374.0
429.0
243.0
-398.0
-987.0
-966.0
-679.0
-28.0
709.0
1025.0
1092.0
802.0
247.0
-133.0
-585.0
-451.0
-1.0
174.0
573.0
1063.0
857.0
148.0
-229.0
-502.0
-729.0
-514.0
-49.0
501.0
1219.0
1176.0
408.0
-147.0
-382.0
-455.0
-227.0
300.0
728.0
657.0
186.0
-545.0
-1062.0
-954.0
-582.0
-184.0
678.0
1396.0
1467.0
1416.0
1000.0
10.0
-705.0
-954.0
-1264.0
-860.0
256.0
1138.0
1363.0
1314.0
690.0
-235.0
-899.0
-839.0
-257.0
342.0
724.0
658.0
671.0
607.0
258.0
-91.0
-482.0
-550.0
-667.0
-478.0
30.0
197.0
371.0
284.0
-85.0
11.0
372.0
503.0
724.0
921.0
511.0
9.0
134.0
-140.0
-658.0
-391.0
-293.0
3.0
870.0
1281.0
1029.0
392.0
-317.0
-768.0
-892.0
-660.0
-216.0
303.0
845.0
904.0
326.0
-209.0
-395.0
-427.0
-364.0
117.0
525.0
599.0
984.0
647.0
59.0
-6.0
-138.0
-151.0
277.0
643.0
616.0
459.0
424.0
64.0
-523.0
-848.0
-847.0
-723.0
-59.0
643.0
1157.0
1259.0
870.0
283.0
-428.0
-1066.0
-1235.0
-949.0
-155.0
924.0
1454.0
1429.0
991.0
150.0
-579.0
-431.0
-138.0
-99.0
115.0
368.0
534.0
874.0
743.0
316.0
-1.0
-457.0
-541.0
-68.0
-604.0
117.0
-327.0
-169.0
20.0
-150.0
152.0
278.0
591.0
805.0
549.0
110.0
-80.0
-359.0
-700.0
-490.0
-176.0
359.0
1052.0
1201.0
1140.0
866.0
132.0
-443.0
-737.0
-869.0
-632.0
31.0
636.0
876.0
973.0
604.0
-11.0
-514.0
-922.0
-629.0
121.0
565.0
765.0
598.0
111.0
-304.0
-384.0
-147.0
34.0
324.0
755.0
1001.0
825.0
179.0
-506.0
-617.0
-492.0
-230.0
282.0
656.0
766.0
756.0
688.0
229.0
-403.0
-826.0
-933.0
-594.0
14.0
719.0
1087.0
1108.0
963.0
285.0
-367.0
-661.0
-757.0
-422.0
20.0
305.0
407.0
-427.0
-364.0
117.0
525.0
599.0
984.0
647.0
59.0
-6.0
-138.0
-151.0
277.0
643.0
616.0
459.0
424.0
64.0
-523.0
-848.0
-847.0
-723.0
-59.0
643.0
1157.0
1259.0
870.0
283.0
-428.0
-1066.0
-1235.0
-949.0
-155.0
924.0
1454.0
1429.0
991.0
150.0
-579.0
-431.0
-138.0
-99.0
115.0
368.0
534.0
874.0
743.0
316.0
-1.0
-457.0
-541.0
-68.0
-604.0
117.0
-327.0
-169.0
20.0
-150.0
152.0
278.0
591.0
805.0
549.0
110.0
-80.0
-359.0
-700.0
-490.0
-176.0
359.0
1052.0
1201.0
1140.0
866.0
132.0
-443.0
-737.0
-869.0
-632.0
31.0
636.0
876.0
973.0
604.0
-11.0
-514.0
-922.0
-629.0
121.0
565.0
765.0
598.0
111.0
-304.0
-384.0
-147.0
34.0
324.0
755.0
1001.0
825.0
179.0
-506.0
-617.0
-492.0
-230.0
282.0
656.0
766.0
756.0
688.0
229.0
-403.0
-826.0
-933.0
-594.0
14.0
719.0
1087.0
1108.0
963.0
285.0
-367.0
-661.0
-757.0
-422.0
20.0
305.0
407.0
706.0
729.0
495.0
423.0
102.0
-307.0
-449.0
-135.0
377.0
245.0
84.0
-152.0
-377.0
-218.0
159.0
610.0
940.0
857.0
218.0
-69.0
68.0
-178.0
-489.0
-607.0
-506.0
143.0
791.0
1170.0
1244.0
637.0
-413.0
-941.0
-1037.0
-767.0
-53.0
719.0
1183.0
1326.0
1036.0
470.0
-133.0
-814.0
-1003.0
-721.0
-80.0
644.0
829.0
409.0
-1.0
-210.0
37.0
436.0
501.0
547.0
631.0
479.0
286.0
-123.0
-573.0
-939.0
-892.0
-340.0
155.0
669.0
999.0
1021.0
848.0
308.0
-351.0
-706.0
-616.0
-455.0
129.0
1138.0
1327.0
740.0
165.0
-502.0
-928.0
-711.0
-352.0
428.0
1071.0
903.0
791.0
612.0
33.0
-203.0
-32.0
24.0
-89.0
-56.0
16.0
-236.0
-347.0
-348.0
-470.0
-290.0
71.0
545.0
1304.0
1600.0
1131.0
478.0
-456.0
-959.0
-832.0
-422.0
-128.0
222.0
908.0
1151.0
992.0
374.0
-546.0
-549.0
-404.0
-520.0
-159.0
324.0
737.0
953.0
796.0
281.0
-504.0
-1070.0
-1132.0
-788.0
706.0
729.0
495.0
423.0
102.0
-307.0
-449.0
-135.0
377.0
245.0
84.0
-152.0
-377.0
-218.0
159.0
610.0
940.0
857.0
218.0
-69.0
68.0
-178.0
-489.0
-607.0
-506.0
143.0
791.0
1170.0
1244.0
637.0
-413.0
-941.0
-1037.0
-767.0
-53.0
719.0
1183.0
1326.0
1036.0
470.0
-133.0
-814.0
-1003.0
-721.0
-80.0
644.0
829.0
409.0
-1.0
-210.0
37.0
436.0
501.0
547.0
631.0
479.0
286.0
-123.0
-573.0
-939.0
-892.0
-340.0
155.0
669.0
999.0
1021.0
848.0
308.0
-351.0
-706.0
-616.0
-455.0
129.0
1138.0
1327.0
740.0
165.0
-502.0
-928.0
-711.0
-352.0
428.0
1071.0
903.0
791.0
612.0
33.0
-203.0
-32.0
24.0
-89.0
-56.0
16.0
-236.0
-347.0
-348.0
-470.0
-290.0
71.0
545.0
1304.0
1600.0
1131.0
478.0
-456.0
-959.0
-832.0
-422.0
-128.0
222.0
908.0
1151.0
992.0
374.0
-546.0
-549.0
-404.0
-520.0
-159.0
324.0
737.0
953.0
796.0
281.0
-504.0
-1070.0
-1132.0
-788.0
137.0
1099.0
1279.0
904.0
471.0
-36.0
12.0
513.0
454.0
288.0
296.0
106.0
-19.0
-268.0
-725.0
-1010.0
-457.0
125.0
370.0
1049.0
1535.0
1214.0
561.0
-260.0
-864.0
-1121.0
-1258.0
-705.0
287.0
967.0
1059.0
856.0
434.0
118.0
-350.0
-348.0
107.0
249.0
626.0
922.0
766.0
700.0
231.0
-417.0
-666.0
-523.0
-244.0
289.0
520.0
-143.0
-448.0
-60.0
-91.0
108.0
213.0
287.0
747.0
1151.0
1099.0
547.0
-42.0
-827.0
-1445.0
-1303.0
-791.0
-123.0
975.0
1746.0
1649.0
882.0
151.0
-473.0
-783.0
-404.0
39.0
485.0
754.0
625.0
387.0
6.0
-496.0
-709.0
-580.0
-228.0
428.0
949.0
877.0
457.0
258.0
21.0
-194.0
-102.0
-146.0
100.0
473.0
493.0
210.0
-356.0
-835.0
-975.0
-568.0
303.0
977.0
1538.0
1655.0
1158.0
614.0
-225.0
-1173.0
-1394.0
-1161.0
-702.0
425.0
1555.0
1575.0
882.0
329.0
-322.0
-995.0
-546.0
152.0
482.0
520.0
264.0
263.0
368.0
294.0
21.0
137.0
1099.0
1279.0
904.0
471.0
-36.0
12.0
513.0
454.0
288.0
296.0
106.0
-19.0
-268.0
-725.0
-1010.0
-457.0
125.0
370.0
1049.0
1535.0
1214.0
561.0
-260.0
-864.0
-1121.0
-1258.0
-705.0
287.0
967.0
1059.0
856.0
434.0
118.0
-350.0
-348.0
107.0
249.0
626.0
922.0
766.0
700.0
231.0
-417.0
-666.0
-523.0
-244.0
289.0
520.0
-143.0
-448.0
-60.0
-91.0
108.0
213.0
287.0
747.0
1151.0
1099.0
547.0
-42.0
-827.0
-1445.0
-1303.0
-791.0
-123.0
975.0
1746.0
1649.0
882.0
151.0
-473.0
-783.0
-404.0
39.0
485.0
754.0
625.0
387.0
6.0
-496.0
-709.0
-580.0
-228.0
428.0
949.0
877.0
457.0
258.0
21.0
-194.0
-102.0
-146.0
100.0
473.0
493.0
210.0
-356.0
-835.0
-975.0
-568.0
303.0
977.0
1538.0
1655.0
1158.0
614.0
-225.0
-1173.0
-1394.0
-1161.0
-702.0
425.0
1555.0
1575.0
882.0
329.0
-322.0
-995.0
-546.0
152.0
482.0
520.0
264.0
263.0
368.0
294.0
21.0
-290.0
-602.0
-935.0
-374.0
559.0
590.0
534.0
435.0
-161.0
-46.0
365.0
235.0
615.0
1012.0
644.0
214.0
80.0
-498.0
-984.0
-544.0
-216.0
-93.0
567.0
1110.0
1260.0
1130.0
408.0
-308.0
-1010.0
-1158.0
-917.0
-496.0
539.0
1083.0
782.0
312.0
-130.0
-330.0
-257.0
99.0
698.0
1095.0
972.0
425.0
102.0
-227.0
-570.0
-292.0
162.0
317.0
665.0
843.0
215.0
-789.0
-1215.0
-1100.0
-422.0
275.0
925.0
1318.0
1317.0
1100.0
462.0
-535.0
-1166.0
-1524.0
-1476.0
-517.0
723.0
1467.0
1614.0
1560.0
835.0
9.0
-538.0
-823.0
-540.0
5.0
302.0
826.0
1046.0
766.0
412.0
29.0
-188.0
-567.0
-773.0
-228.0
271.0
217.0
97.0
-148.0
-448.0
-154.0
-225.0
-26.0
808.0
942.0
353.0
272.0
7.0
-451.0
-622.0
-285.0
271.0
782.0
1372.0
1237.0
645.0
59.0
-470.0
-658.0
-539.0
-108.0
83.0
237.0
858.0
759.0
270.0
-228.0
-874.0
-874.0
-537.0
166.0
863.0
1024.0
690.0
73.0
-290.0
-602.0
-935.0
-374.0
559.0
590.0
534.0
435.0
-161.0
-46.0
365.0
235.0
615.0
1012.0
644.0
214.0
80.0
-498.0
-984.0
-544.0
-216.0
-93.0
567.0
1110.0
1260.0
1130.0
408.0
-308.0
-1010.0
-1158.0
-917.0
-496.0
539.0
1083.0
782.0
312.0
-130.0
-330.0
-257.0
99.0
698.0
1095.0
972.0
425.0
102.0
-227.0
-570.0
-292.0
162.0
317.0
665.0
843.0
215.0
-789.0
-1215.0
-1100.0
-422.0
275.0
925.0
1318.0
1317.0
1100.0
462.0
-535.0
-1166.0
-1524.0
-1476.0
-517.0
723.0
1467.0
1614.0
1560.0
835.0
9.0
-538.0
-823.0
-540.0
5.0
302.0
826.0
1046.0
766.0
412.0
29.0
-188.0
-567.0
-773.0
-228.0
271.0
217.0
97.0
-148.0
-448.0
-154.0
-225.0
-26.0
808.0
942.0
353.0
272.0
7.0
-451.0
-622.0
-285.0
271.0
782.0
1372.0
1237.0
645.0
59.0
-470.0
-658.0
-539.0
-108.0
83.0
237.0
858.0
759.0
270.0
-228.0
-874.0
-874.0
-537.0
166.0
863.0
1024.0
690.0
73.0
-406.0
-320.0
-68.0
192.0
530.0
932.0
954.0
506.0
-20.0
-384.0
-1015.0
-1133.0
-405.0
96.0
817.0
1587.0
1481.0
1072.0
214.0
-666.0
-1154.0
-1356.0
-638.0
144.0
795.0
1453.0
1312.0
515.0
-53.0
-604.0
-823.0
-429.0
-159.0
109.0
475.0
754.0
846.0
401.0
91.0
-109.0
-367.0
-492.0
120.0
752.0
232.0
91.0
159.0
-297.0
-106.0
303.0
429.0
686.0
918.0
613.0
78.0
-209.0
-753.0
-993.0
-617.0
-382.0
230.0
1259.0
1547.0
1173.0
160.0
-627.0
-703.0
-963.0
-725.0
206.0
907.0
1142.0
787.0
133.0
-121.0
-406.0
-772.0
-616.0
-87.0
567.0
1059.0
1191.0
916.0
455.0
-110.0
-47.0
269.0
184.0
356.0
561.0
224.0
-161.0
-609.0
-1029.0
-1204.0
-891.0
-297.0
338.0
990.0
1378.0
1362.0
781.0
-163.0
-828.0
-942.0
-702.0
-24.0
717.0
1011.0
909.0
895.0
611.0
35.0
-423.0
-461.0
-304.0
-30.0
234.0
279.0
441.0
825.0
947.0
279.0
-442.0
-556.0
-431.0
-64.0
214.0
-406.0
-320.0
-68.0
192.0
530.0
932.0
954.0
506.0
-20.0
-384.0
-1015.0
-1133.0
-405.0
96.0
817.0
1587.0
1481.0
1072.0
214.0
-666.0
-1154.0
-1356.0
-638.0
144.0
795.0
1453.0
1312.0
515.0
-53.0
-604.0
-823.0
-429.0
-159.0
109.0
475.0
754.0
846.0
401.0
91.0
-109.0
-367.0
-492.0
120.0
752.0
232.0
91.0
159.0
-297.0
-106.0
303.0
429.0
686.0
918.0
613.0
78.0
-209.0
-753.0
-993.0
-617.0
-382.0
230.0
1259.0
1547.0
1173.0
160.0
-627.0
-703.0
-963.0
-725.0
206.0
907.0
1142.0
787.0
133.0
-121.0
-406.0
-772.0
-616.0
-87.0
567.0
1059.0
1191.0
916.0
455.0
-110.0
-47.0
269.0
184.0
356.0
561.0
224.0
-161.0
-609.0
-1029.0
-1204.0
-891.0
-297.0
338.0
990.0
1378.0
1362.0
781.0
-163.0
-828.0
-942.0
-702.0
-24.0
717.0
1011.0
909.0
895.0
611.0
35.0
-423.0
-461.0
-304.0
-30.0
234.0
279.0
441.0
825.0
947.0
279.0
-442.0
-556.0
-431.0
-64.0
214.0
103.0
-244.0
-433.0
-524.0
-195.0
445.0
515.0
775.0
887.0
480.0
479.0
416.0
-398.0
-1028.0
-755.0
-457.0
75.0
1052.0
1462.0
1320.0
716.0
25.0
-453.0
-932.0
-639.0
-131.0
176.0
636.0
961.0
847.0
141.0
-332.0
-553.0
-1133.0
-973.0
-248.0
411.0
1014.0
941.0
425.0
352.0
388.0
366.0
422.0
429.0
389.0
234.0
33.0
-125.0
-252.0
-289.0
-527.0
-513.0
-199.0
242.0
889.0
1266.0
1320.0
939.0
-240.0
-979.0
-1175.0
-1073.0
-528.0
618.0
1165.0
1000.0
779.0
101.0
-529.0
-500.0
-275.0
-59.0
183.0
397.0
706.0
1008.0
951.0
166.0
-489.0
-304.0
-185.0
-184.0
255.0
279.0
-181.0
-208.0
-318.0
-442.0
-36.0
214.0
711.0
1345.0
1162.0
779.0
404.0
-190.0
-1072.0
-1369.0
-1059.0
-708.0
172.0
1185.0
1395.0
1251.0
629.0
-107.0
-393.0
-366.0
-413.0
-174.0
579.0
1169.0
1248.0
668.0
163.0
-272.0
-1131.0
-1456.0
-783.0
289.0
875.0
1173.0
1030.0
432.0
217.0
15.0
-78.0
103.0
-244.0
-433.0
-524.0
-195.0
445.0
515.0
775.0
887.0
480.0
479.0
416.0
-398.0
-1028.0
-755.0
-457.0
75.0
1052.0
1462.0
1320.0
716.0
25.0
-453.0
-932.0
-639.0
-131.0
176.0
636.0
961.0
847.0
141.0
-332.0
-553.0
-1133.0
-973.0
-248.0
411.0
1014.0
941.0
425.0
352.0
388.0
366.0
422.0
429.0
389.0
234.0
33.0
-125.0
-252.0
-289.0
-527.0
-513.0
-199.0
242.0
889.0
1266.0
1320.0
939.0
-240.0
-979.0
-1175.0
-1073.0
-528.0
