Gv1b1164_110
1
RAW_AUDIO_STREAM
1600
502.0
397.0
228.0
68.0
-103.0
-144.0
-83.0
-91.0
-86.0
20.0
248.0
442.0
493.0
446.0
209.0
-71.0
-160.0
-196.0
-70.0
130.0
307.0
366.0
241.0
157.0
22.0
-134.0
-127.0
8.0
183.0
273.0
355.0
395.0
322.0
348.0
296.0
192.0
112.0
167.0
318.0
236.0
69.0
-184.0
-427.0
-459.0
-338.0
-25.0
271.0
520.0
705.0
604.0
362.0
58.0
-241.0
-509.0
-454.0
-192.0
215.0
614.0
805.0
772.0
529.0
199.0
-74.0
-203.0
-197.0
-117.0
31.0
242.0
426.0
428.0
431.0
344.0
88.0
-150.0
-254.0
-193.0
-81.0
39.0
174.0
168.0
126.0
47.0
-26.0
145.0
389.0
440.0
390.0
253.0
77.0
-160.0
-350.0
-228.0
-58.0
132.0
368.0
623.0
723.0
506.0
270.0
46.0
-147.0
-109.0
20.0
297.0
430.0
381.0
262.0
30.0
-264.0
-388.0
-333.0
-216.0
-1.0
258.0
365.0
332.0
269.0
159.0
156.0
157.0
203.0
252.0
348.0
419.0
360.0
214.0
-37.0
-313.0
-360.0
-237.0
13.0
294.0
562.0
737.0
619.0
493.0
235.0
-143.0
-438.0
-599.0
-429.0
-70.0
335.0
616.0
567.0
316.0
79.0
-104.0
-218.0
-154.0
-10.0
149.0
349.0
496.0
540.0
505.0
330.0
77.0
-69.0
-93.0
-74.0
-13.0
140.0
143.0
135.0
120.0
-4.0
118.0
310.0
431.0
483.0
319.0
14.0
-250.0
-326.0
-307.0
-221.0
-77.0
142.0
411.0
555.0
562.0
501.0
292.0
50.0
-138.0
-191.0
-78.0
211.0
474.0
536.0
451.0
255.0
-85.0
-380.0
-452.0
-278.0
-48.0
254.0
452.0
528.0
471.0
231.0
81.0
-3.0
-26.0
118.0
250.0
265.0
238.0
100.0
-43.0
-148.0
-167.0
-160.0
-1.0
306.0
519.0
634.0
542.0
309.0
-5.0
-312.0
-389.0
-230.0
81.0
421.0
543.0
448.0
307.0
57.0
-106.0
-42.0
43.0
106.0
170.0
231.0
188.0
285.0
337.0
253.0
76.0
-102.0
-105.0
-147.0
-146.0
-24.0
102.0
58.0
132.0
282.0
253.0
402.0
544.0
526.0
341.0
-360.0
-237.0
13.0
294.0
562.0
737.0
619.0
493.0
235.0
-143.0
-438.0
-599.0
-429.0
-70.0
335.0
616.0
567.0
316.0
79.0
-104.0
-218.0
-154.0
-10.0
149.0
349.0
496.0
540.0
505.0
330.0
77.0
-69.0
-93.0
-74.0
-13.0
140.0
143.0
135.0
120.0
-4.0
118.0
310.0
431.0
483.0
319.0
14.0
-250.0
-326.0
-307.0
-221.0
-77.0
142.0
411.0
555.0
562.0
501.0
292.0
50.0
-138.0
-191.0
-78.0
211.0
474.0
536.0
451.0
255.0
-85.0
-380.0
-452.0
-278.0
-48.0
254.0
452.0
528.0
471.0
231.0
81.0
-3.0
-26.0
118.0
250.0
265.0
238.0
100.0
-43.0
-148.0
-167.0
-160.0
-1.0
306.0
519.0
634.0
542.0
309.0
-5.0
-312.0
-389.0
-230.0
81.0
421.0
543.0
448.0
307.0
57.0
-106.0
-42.0
43.0
106.0
170.0
231.0
188.0
285.0
337.0
253.0
76.0
-102.0
-105.0
-147.0
-146.0
-24.0
102.0
58.0
132.0
282.0
253.0
402.0
544.0
526.0
341.0
95.0
-103.0
-396.0
-498.0
-326.0
-152.0
100.0
375.0
589.0
755.0
779.0
603.0
283.0
-16.0
-220.0
-304.0
-174.0
93.0
272.0
288.0
99.0
-98.0
-281.0
-363.0
-196.0
56.0
308.0
348.0
551.0
593.0
426.0
250.0
70.0
43.0
115.0
177.0
175.0
61.0
6.0
-165.0
-216.0
-17.0
50.0
160.0
230.0
414.0
564.0
537.0
487.0
114.0
-172.0
-444.0
-447.0
-255.0
87.0
426.0
551.0
533.0
147.0
-42.0
-91.0
-90.0
131.0
267.0
365.0
428.0
311.0
239.0
118.0
122.0
101.0
0.0
-70.0
-95.0
164.0
305.0
235.0
176.0
39.0
-266.0
-188.0
79.0
353.0
601.0
456.0
245.0
-95.0
-376.0
-541.0
-289.0
43.0
295.0
569.0
592.0
461.0
391.0
239.0
100.0
-132.0
-59.0
75.0
202.0
392.0
436.0
386.0
115.0
-151.0
-324.0
-330.0
198.0
132.0
241.0
319.0
350.0
250.0
197.0
137.0
26.0
77.0
105.0
138.0
140.0
1.0
-83.0
-102.0
-74.0
7.0
287.0
95.0
-103.0
-396.0
-498.0
-326.0
-152.0
100.0
375.0
589.0
755.0
779.0
603.0
283.0
-16.0
-220.0
-304.0
-174.0
93.0
272.0
288.0
99.0
-98.0
-281.0
-363.0
-196.0
56.0
308.0
348.0
551.0
593.0
426.0
250.0
70.0
43.0
115.0
177.0
175.0
61.0
6.0
-165.0
-216.0
-17.0
50.0
160.0
230.0
414.0
564.0
537.0
487.0
114.0
-172.0
-444.0
-447.0
-255.0
87.0
426.0
551.0
533.0
147.0
-42.0
-91.0
-90.0
131.0
267.0
365.0
428.0
311.0
239.0
118.0
122.0
101.0
0.0
-70.0
-95.0
164.0
305.0
235.0
176.0
39.0
-266.0
-188.0
79.0
353.0
601.0
456.0
245.0
-95.0
-376.0
-541.0
-289.0
43.0
295.0
569.0
592.0
461.0
391.0
239.0
100.0
-132.0
-59.0
75.0
202.0
392.0
436.0
386.0
115.0
-151.0
-324.0
-330.0
198.0
132.0
241.0
319.0
350.0
250.0
197.0
137.0
26.0
77.0
105.0
138.0
140.0
1.0
-83.0
-102.0
-74.0
7.0
287.0
451.0
521.0
652.0
607.0
285.0
-91.0
-372.0
-558.0
-357.0
9.0
456.0
709.0
654.0
443.0
70.0
-220.0
-362.0
-282.0
-46.0
188.0
410.0
463.0
399.0
295.0
182.0
54.0
-9.0
-24.0
-74.0
-43.0
31.0
170.0
191.0
106.0
5.0
1.0
161.0
485.0
570.0
455.0
384.0
91.0
-145.0
-222.0
-270.0
-159.0
41.0
199.0
342.0
515.0
498.0
281.0
85.0
-41.0
-141.0
-187.0
-11.0
212.0
301.0
428.0
413.0
127.0
-228.0
-311.0
-207.0
-4.0
255.0
419.0
441.0
383.0
202.0
73.0
181.0
238.0
340.0
409.0
357.0
152.0
-93.0
-296.0
-340.0
-230.0
-178.0
15.0
241.0
431.0
556.0
567.0
434.0
133.0
-185.0
-400.0
-416.0
-137.0
258.0
621.0
758.0
647.0
298.0
-139.0
-392.0
-400.0
-326.0
0.0
378.0
550.0
641.0
550.0
395.0
148.0
-87.0
-140.0
-116.0
-33.0
87.0
226.0
150.0
42.0
-61.0
-185.0
-81.0
202.0
358.0
475.0
535.0
289.0
22.0
-100.0
451.0
521.0
652.0
607.0
285.0
-91.0
-372.0
-558.0
-357.0
9.0
456.0
709.0
654.0
443.0
70.0
-220.0
-362.0
-282.0
-46.0
188.0
410.0
463.0
399.0
295.0
182.0
54.0
-9.0
-24.0
-74.0
-43.0
31.0
170.0
191.0
106.0
5.0
1.0
161.0
485.0
570.0
455.0
384.0
91.0
-145.0
-222.0
-270.0
-159.0
41.0
199.0
342.0
515.0
498.0
281.0
85.0
-41.0
-141.0
-187.0
-11.0
212.0
301.0
428.0
413.0
127.0
-228.0
-311.0
-207.0
-4.0
255.0
419.0
441.0
383.0
202.0
73.0
181.0
238.0
340.0
409.0
357.0
152.0
-93.0
-296.0
-340.0
-230.0
-178.0
15.0
241.0
431.0
556.0
567.0
434.0
133.0
-185.0
-400.0
-416.0
-137.0
258.0
621.0
758.0
647.0
298.0
-139.0
-392.0
-400.0
-326.0
0.0
378.0
550.0
641.0
550.0
395.0
148.0
-87.0
-140.0
-116.0
-33.0
87.0
226.0
150.0
42.0
-61.0
-185.0
-81.0
202.0
358.0
475.0
535.0
289.0
22.0
-100.0
-179.0
-216.0
-76.0
91.0
295.0
503.0
470.0
390.0
282.0
126.0
-2.0
127.0
285.0
310.0
355.0
235.0
103.0
-169.0
-459.0
-419.0
-258.0
29.0
267.0
371.0
453.0
338.0
123.0
-22.0
76.0
174.0
253.0
421.0
459.0
330.0
128.0
-137.0
-292.0
-251.0
-131.0
-1.0
163.0
480.0
716.0
680.0
548.0
176.0
-195.0
-470.0
-520.0
-131.0
330.0
552.0
602.0
487.0
-1.0
-345.0
-392.0
-325.0
16.0
326.0
421.0
533.0
475.0
400.0
331.0
188.0
1.0
-122.0
-149.0
-79.0
93.0
158.0
156.0
139.0
-25.0
-48.0
183.0
405.0
464.0
477.0
356.0
42.0
-196.0
-394.0
-363.0
-171.0
90.0
372.0
436.0
429.0
408.0
323.0
227.0
107.0
-31.0
-41.0
89.0
359.0
430.0
302.0
117.0
-224.0
-430.0
-392.0
-230.0
84.0
430.0
633.0
686.0
562.0
306.0
34.0
-120.0
-89.0
134.0
308.0
362.0
171.0
-52.0
-287.0
-343.0
-266.0
-218.0
31.0
300.0
632.0
733.0
615.0
-179.0
-216.0
-76.0
91.0
295.0
503.0
470.0
390.0
282.0
126.0
-2.0
127.0
285.0
310.0
355.0
235.0
103.0
-169.0
-459.0
-419.0
-258.0
29.0
267.0
371.0
453.0
338.0
123.0
-22.0
76.0
174.0
253.0
421.0
459.0
330.0
128.0
-137.0
-292.0
-251.0
-131.0
-1.0
163.0
480.0
716.0
680.0
548.0
176.0
-195.0
-470.0
-520.0
-131.0
330.0
552.0
602.0
487.0
-1.0
-345.0
-392.0
-325.0
16.0
326.0
421.0
533.0
475.0
400.0
331.0
188.0
1.0
-122.0
-149.0
-79.0
93.0
158.0
156.0
139.0
-25.0
-48.0
183.0
405.0
464.0
477.0
356.0
42.0
-196.0
-394.0
-363.0
-171.0
90.0
372.0
436.0
429.0
408.0
323.0
227.0
107.0
-31.0
-41.0
89.0
359.0
430.0
302.0
117.0
-224.0
-430.0
-392.0
-230.0
84.0
430.0
633.0
686.0
562.0
306.0
34.0
-120.0
-89.0
134.0
308.0
362.0
171.0
-52.0
-287.0
-343.0
-266.0
-218.0
31.0
300.0
632.0
733.0
615.0
410.0
2.0
-419.0
-496.0
-266.0
122.0
495.0
633.0
659.0
370.0
-64.0
-240.0
-220.0
-44.0
88.0
206.0
451.0
471.0
333.0
302.0
179.0
33.0
-120.0
-142.0
-148.0
-83.0
98.0
138.0
150.0
74.0
32.0
124.0
296.0
464.0
463.0
342.0
119.0
-40.0
-232.0
-380.0
-222.0
-13.0
327.0
680.0
831.0
741.0
368.0
26.0
-248.0
-534.0
-407.0
-75.0
208.0
467.0
591.0
372.0
-6.0
-338.0
-500.0
-334.0
-29.0
326.0
566.0
666.0
596.0
401.0
177.0
79.0
104.0
185.0
230.0
274.0
127.0
-85.0
-218.0
-286.0
-165.0
21.0
173.0
239.0
398.0
544.0
494.0
224.0
-84.0
-355.0
-445.0
-246.0
98.0
357.0
547.0
547.0
287.0
31.0
-87.0
-149.0
-61.0
93.0
219.0
418.0
498.0
433.0
385.0
247.0
-14.0
-172.0
-114.0
9.0
138.0
287.0
134.0
-136.0
-220.0
-126.0
-34.0
214.0
435.0
525.0
425.0
192.0
-85.0
-193.0
-297.0
-94.0
47.0
332.0
623.0
620.0
410.0
2.0
-419.0
-496.0
-266.0
122.0
495.0
633.0
659.0
370.0
-64.0
-240.0
-220.0
-44.0
88.0
206.0
451.0
471.0
333.0
302.0
179.0
33.0
-120.0
-142.0
-148.0
-83.0
98.0
138.0
150.0
74.0
32.0
124.0
296.0
464.0
463.0
342.0
119.0
-40.0
-232.0
-380.0
-222.0
-13.0
327.0
680.0
831.0
741.0
368.0
26.0
-248.0
-534.0
-407.0
-75.0
208.0
467.0
591.0
372.0
-6.0
-338.0
-500.0
-334.0
-29.0
326.0
566.0
666.0
596.0
401.0
177.0
79.0
104.0
185.0
230.0
274.0
127.0
-85.0
-218.0
-286.0
-165.0
21.0
173.0
239.0
398.0
544.0
494.0
224.0
-84.0
-355.0
-445.0
-246.0
98.0
357.0
547.0
547.0
287.0
31.0
-87.0
-149.0
-61.0
93.0
219.0
418.0
498.0
433.0
385.0
247.0
-14.0
-172.0
-114.0
9.0
138.0
287.0
134.0
-136.0
-220.0
-126.0
-34.0
214.0
435.0
525.0
425.0
192.0
-85.0
-193.0
-297.0
-94.0
47.0
332.0
623.0
620.0
463.0
294.0
15.0
-209.0
-226.0
-126.0
-2.0
173.0
433.0
388.0
315.0
94.0
-118.0
-296.0
-370.0
-93.0
210.0
331.0
495.0
378.0
320.0
207.0
19.0
116.0
170.0
220.0
225.0
-39.0
-1.0
-97.0
-105.0
-57.0
96.0
355.0
458.0
457.0
537.0
329.0
-139.0
-454.0
-478.0
-227.0
268.0
628.0
753.0
633.0
399.0
34.0
-217.0
-193.0
-225.0
-127.0
27.0
179.0
297.0
229.0
126.0
187.0
194.0
108.0
140.0
181.0
191.0
212.0
86.0
14.0
-4.0
-44.0
-103.0
87.0
326.0
388.0
364.0
192.0
68.0
-33.0
-217.0
-157.0
53.0
333.0
535.0
619.0
397.0
102.0
-33.0
-181.0
-237.0
-156.0
62.0
198.0
362.0
573.0
467.0
166.0
32.0
-41.0
-179.0
-33.0
206.0
266.0
275.0
164.0
58.0
3.0
-57.0
86.0
300.0
471.0
309.0
-1.0
-56.0
-86.0
-130.0
-25.0
165.0
319.0
374.0
447.0
439.0
217.0
-84.0
-420.0
-468.0
-287.0
84.0
557.0
917.0
915.0
463.0
294.0
15.0
-209.0
-226.0
-126.0
-2.0
173.0
433.0
388.0
315.0
94.0
-118.0
-296.0
-370.0
-93.0
210.0
331.0
495.0
378.0
320.0
207.0
19.0
116.0
170.0
220.0
225.0
-39.0
-1.0
-97.0
-105.0
-57.0
96.0
355.0
458.0
457.0
537.0
329.0
-139.0
-454.0
-478.0
-227.0
268.0
628.0
753.0
633.0
399.0
34.0
-217.0
-193.0
-225.0
-127.0
27.0
179.0
297.0
229.0
126.0
187.0
194.0
108.0
140.0
181.0
191.0
212.0
