Gv1b1164_125
1
RAW_AUDIO_STREAM
1600
-290.0
-602.0
-935.0
-374.0
559.0
590.0
534.0
435.0
-161.0
-46.0
365.0
235.0
615.0
1012.0
644.0
214.0
80.0
-498.0
-984.0
-544.0
-216.0
-93.0
567.0
1110.0
1260.0
1130.0
408.0
-308.0
-1010.0
-1158.0
-917.0
-496.0
539.0
1083.0
782.0
312.0
-130.0
-330.0
-257.0
99.0
698.0
1095.0
972.0
425.0
102.0
-227.0
-570.0
-292.0
162.0
317.0
665.0
843.0
215.0
-789.0
-1215.0
-1100.0
-422.0
275.0
925.0
1318.0
1317.0
1100.0
462.0
-535.0
-1166.0
-1524.0
-1476.0
-517.0
723.0
1467.0
1614.0
1560.0
835.0
9.0
-538.0
-823.0
-540.0
5.0
302.0
826.0
1046.0
766.0
412.0
29.0
-188.0
-567.0
-773.0
-228.0
271.0
217.0
97.0
-148.0
-448.0
-154.0
-225.0
-26.0
808.0
942.0
353.0
272.0
7.0
-451.0
-622.0
-285.0
271.0
782.0
1372.0
1237.0
645.0
59.0
-470.0
-658.0
-539.0
-108.0
83.0
237.0
858.0
759.0
270.0
-228.0
-874.0
-874.0
-537.0
166.0
863.0
1024.0
690.0
73.0
-406.0
-320.0
-68.0
192.0
530.0
932.0
954.0
506.0
-20.0
-384.0
-1015.0
-1133.0
-405.0
96.0
817.0
1587.0
1481.0
1072.0
214.0
-666.0
-1154.0
-1356.0
-638.0
144.0
795.0
1453.0
1312.0
515.0
-53.0
-604.0
-823.0
-429.0
-159.0
109.0
475.0
754.0
846.0
401.0
91.0
-109.0
-367.0
-492.0
120.0
752.0
232.0
91.0
159.0
-297.0
-106.0
303.0
429.0
686.0
918.0
613.0
78.0
-209.0
-753.0
-993.0
-617.0
-382.0
230.0
1259.0
1547.0
1173.0
160.0
-627.0
-703.0
-963.0
-725.0
206.0
907.0
1142.0
787.0
133.0
-121.0
-406.0
-772.0
-616.0
-87.0
567.0
1059.0
1191.0
916.0
455.0
-110.0
-47.0
269.0
184.0
356.0
561.0
224.0
-161.0
-609.0
-1029.0
-1204.0
-891.0
-297.0
338.0
990.0
1378.0
1362.0
781.0
-163.0
-828.0
-942.0
-702.0
-24.0
717.0
1011.0
909.0
895.0
611.0
35.0
-423.0
-461.0
-304.0
-30.0
234.0
279.0
441.0
825.0
947.0
279.0
-442.0
-556.0
-431.0
-64.0
214.0
-406.0
-320.0
-68.0
192.0
530.0
932.0
954.0
506.0
-20.0
-384.0
-1015.0
-1133.0
-405.0
96.0
817.0
1587.0
1481.0
1072.0
214.0
-666.0
-1154.0
-1356.0
-638.0
144.0
795.0
1453.0
1312.0
515.0
-53.0
-604.0
-823.0
-429.0
-159.0
109.0
475.0
754.0
846.0
401.0
91.0
-109.0
-367.0
-492.0
120.0
752.0
232.0
91.0
159.0
-297.0
-106.0
303.0
429.0
686.0
918.0
613.0
78.0
-209.0
-753.0
-993.0
-617.0
-382.0
230.0
1259.0
1547.0
1173.0
160.0
-627.0
-703.0
-963.0
-725.0
206.0
907.0
1142.0
787.0
133.0
-121.0
-406.0
-772.0
-616.0
-87.0
567.0
1059.0
1191.0
916.0
455.0
-110.0
-47.0
269.0
184.0
356.0
561.0
224.0
-161.0
-609.0
-1029.0
-1204.0
-891.0
-297.0
338.0
990.0
1378.0
1362.0
781.0
-163.0
-828.0
-942.0
-702.0
-24.0
717.0
1011.0
909.0
895.0
611.0
35.0
-423.0
-461.0
-304.0
-30.0
234.0
279.0
441.0
825.0
947.0
279.0
-442.0
-556.0
-431.0
-64.0
214.0
103.0
-244.0
-433.0
-524.0
-195.0
445.0
515.0
775.0
887.0
480.0
479.0
416.0
-398.0
-1028.0
-755.0
-457.0
75.0
1052.0
1462.0
1320.0
716.0
25.0
-453.0
-932.0
-639.0
-131.0
176.0
636.0
961.0
847.0
141.0
-332.0
-553.0
-1133.0
-973.0
-248.0
411.0
1014.0
941.0
425.0
352.0
388.0
366.0
422.0
429.0
389.0
234.0
33.0
-125.0
-252.0
-289.0
-527.0
-513.0
-199.0
242.0
889.0
1266.0
1320.0
939.0
-240.0
-979.0
-1175.0
-1073.0
-528.0
618.0
1165.0
1000.0
779.0
101.0
-529.0
-500.0
-275.0
-59.0
183.0
397.0
706.0
1008.0
951.0
166.0
-489.0
-304.0
-185.0
-184.0
255.0
279.0
-181.0
-208.0
-318.0
-442.0
-36.0
214.0
711.0
1345.0
1162.0
779.0
404.0
-190.0
-1072.0
-1369.0
-1059.0
-708.0
172.0
1185.0
1395.0
1251.0
629.0
-107.0
-393.0
-366.0
-413.0
-174.0
579.0
1169.0
1248.0
668.0
163.0
-272.0
-1131.0
-1456.0
-783.0
289.0
875.0
1173.0
1030.0
432.0
217.0
15.0
-78.0
103.0
-244.0
-433.0
-524.0
-195.0
445.0
515.0
775.0
887.0
480.0
479.0
416.0
-398.0
-1028.0
-755.0
-457.0
75.0
1052.0
1462.0
1320.0
716.0
25.0
-453.0
-932.0
-639.0
-131.0
176.0
636.0
961.0
847.0
141.0
-332.0
-553.0
-1133.0
-973.0
-248.0
411.0
1014.0
941.0
425.0
352.0
388.0
366.0
422.0
429.0
389.0
234.0
33.0
-125.0
-252.0
-289.0
-527.0
-513.0
-199.0
242.0
889.0
1266.0
1320.0
939.0
-240.0
-979.0
-1175.0
-1073.0
-528.0
618.0
1165.0
1000.0
779.0
101.0
-529.0
-500.0
-275.0
-59.0
183.0
397.0
706.0
1008.0
951.0
166.0
-489.0
-304.0
-185.0
-184.0
255.0
279.0
-181.0
-208.0
-318.0
-442.0
-36.0
214.0
711.0
1345.0
1162.0
779.0
404.0
-190.0
-1072.0
-1369.0
-1059.0
-708.0
172.0
1185.0
1395.0
1251.0
629.0
-107.0
-393.0
-366.0
-413.0
-174.0
579.0
1169.0
1248.0
668.0
163.0
-272.0
-1131.0
-1456.0
-783.0
289.0
875.0
1173.0
1030.0
432.0
217.0
15.0
-78.0
141.0
282.0
2.0
-28.0
223.0
85.0
-304.0
-433.0
-718.0
-548.0
189.0
611.0
966.0
1303.0
1360.0
835.0
-121.0
-584.0
-996.0
-944.0
-332.0
-76.0
411.0
1202.0
1062.0
319.0
76.0
-413.0
-606.0
-157.0
187.0
266.0
445.0
597.0
307.0
6.0
-87.0
-290.0
-244.0
225.0
377.0
234.0
-32.0
-187.0
-443.0
-473.0
-40.0
112.0
382.0
1034.0
923.0
549.0
632.0
-4.0
-762.0
-777.0
-677.0
-367.0
477.0
1253.0
1526.0
1149.0
309.0
-253.0
-694.0
-1003.0
-747.0
-627.0
-83.0
645.0
779.0
663.0
330.0
-1.0
-337.0
-413.0
114.0
348.0
546.0
661.0
120.0
-141.0
27.0
-114.0
-4.0
278.0
385.0
363.0
867.0
892.0
-332.0
-827.0
-397.0
-402.0
181.0
575.0
841.0
940.0
555.0
254.0
-124.0
-721.0
-1105.0
-936.0
-520.0
157.0
1094.0
1335.0
1288.0
1161.0
387.0
-308.0
-451.0
-532.0
-557.0
22.0
482.0
460.0
612.0
600.0
314.0
219.0
78.0
-193.0
-475.0
-57.0
551.0
278.0
141.0
282.0
2.0
-28.0
223.0
85.0
-304.0
-433.0
-718.0
-548.0
189.0
611.0
966.0
1303.0
1360.0
835.0
-121.0
-584.0
-996.0
-944.0
-332.0
-76.0
411.0
1202.0
1062.0
319.0
76.0
-413.0
-606.0
-157.0
187.0
266.0
445.0
597.0
307.0
6.0
-87.0
-290.0
-244.0
225.0
377.0
234.0
-32.0
-187.0
-443.0
-473.0
-40.0
112.0
382.0
1034.0
923.0
549.0
632.0
-4.0
-762.0
-777.0
-677.0
-367.0
477.0
1253.0
1526.0
1149.0
309.0
-253.0
-694.0
-1003.0
-747.0
-627.0
-83.0
645.0
779.0
663.0
330.0
-1.0
-337.0
-413.0
114.0
348.0
546.0
661.0
120.0
-141.0
27.0
-114.0
-4.0
278.0
385.0
363.0
867.0
892.0
-332.0
-827.0
-397.0
-402.0
181.0
575.0
841.0
940.0
555.0
254.0
-124.0
-721.0
-1105.0
-936.0
-520.0
157.0
1094.0
1335.0
1288.0
1161.0
387.0
-308.0
-451.0
-532.0
-557.0
22.0
482.0
460.0
612.0
600.0
314.0
219.0
78.0
-193.0
-475.0
-57.0
551.0
278.0
-1.0
-405.0
-802.0
-555.0
-377.0
-46.0
674.0
992.0
708.0
672.0
290.0
-538.0
-641.0
-588.0
-384.0
597.0
1075.0
1122.0
1114.0
528.0
-12.0
-280.0
-833.0
-811.0
-264.0
287.0
669.0
492.0
228.0
-153.0
229.0
-296.0
-507.0
26.0
11.0
651.0
665.0
-32.0
-123.0
-167.0
-280.0
270.0
621.0
783.0
719.0
278.0
74.0
-204.0
-396.0
-644.0
-677.0
-135.0
421.0
1083.0
1248.0
677.0
13.0
-541.0
-733.0
-569.0
-337.0
-155.0
313.0
1103.0
1211.0
1228.0
684.0
-191.0
-596.0
-968.0
-733.0
-106.0
-64.0
188.0
754.0
1063.0
827.0
449.0
76.0
-167.0
-79.0
111.0
223.0
-64.0
-119.0
105.0
2.0
90.0
140.0
32.0
462.0
733.0
550.0
343.0
-99.0
-501.0
-704.0
-509.0
-126.0
342.0
591.0
703.0
773.0
527.0
169.0
-218.0
-666.0
-703.0
-407.0
-156.0
330.0
1050.0
1035.0
520.0
333.0
-169.0
-718.0
-350.0
180.0
380.0
739.0
607.0
-104.0
-221.0
81.0
122.0
254.0
667.0
-1.0
-405.0
-802.0
-555.0
-377.0
-46.0
674.0
992.0
708.0
672.0
290.0
-538.0
-641.0
-588.0
-384.0
597.0
1075.0
1122.0
1114.0
528.0
-12.0
-280.0
-833.0
-811.0
-264.0
287.0
669.0
492.0
228.0
-153.0
229.0
-296.0
-507.0
26.0
11.0
651.0
665.0
-32.0
-123.0
-167.0
-280.0
270.0
621.0
783.0
719.0
278.0
74.0
-204.0
-396.0
-644.0
-677.0
-135.0
421.0
1083.0
1248.0
677.0
13.0
-541.0
-733.0
-569.0
-337.0
-155.0
313.0
1103.0
1211.0
1228.0
684.0
-191.0
-596.0
-968.0
-733.0
-106.0
-64.0
188.0
754.0
1063.0
827.0
449.0
76.0
-167.0
-79.0
111.0
223.0
-64.0
-119.0
105.0
2.0
90.0
140.0
32.0
462.0
733.0
550.0
343.0
-99.0
-501.0
-704.0
-509.0
-126.0
342.0
591.0
703.0
773.0
527.0
169.0
-218.0
-666.0
-703.0
-407.0
-156.0
330.0
1050.0
1035.0
520.0
333.0
-169.0
-718.0
-350.0
180.0
380.0
739.0
607.0
-104.0
-221.0
81.0
122.0
254.0
667.0
634.0
425.0
175.0
-196.0
-551.0
-621.0
-821.0
-698.0
26.0
449.0
593.0
1210.0
1236.0
588.0
-112.0
-675.0
-877.0
-611.0
-86.0
523.0
785.0
1016.0
1122.0
234.0
-357.0
-349.0
-610.0
-375.0
274.0
653.0
504.0
357.0
732.0
709.0
296.0
-222.0
-466.0
-322.0
-330.0
-419.0
-550.0
-140.0
184.0
-138.0
374.0
911.0
742.0
881.0
1016.0
872.0
589.0
40.0
-937.0
-1289.0
-660.0
-364.0
151.0
912.0
1238.0
1250.0
468.0
-278.0
-196.0
-440.0
-626.0
-265.0
21.0
542.0
955.0
623.0
-42.0
-396.0
-906.0
-1064.0
-272.0
255.0
444.0
846.0
782.0
438.0
252.0
44.0
141.0
684.0
871.0
720.0
454.0
78.0
-313.0
-820.0
-1196.0
-978.0
-345.0
229.0
650.0
1123.0
1316.0
817.0
282.0
-62.0
-441.0
-868.0
-899.0
-285.0
333.0
726.0
875.0
751.0
653.0
109.0
-742.0
-423.0
130.0
12.0
184.0
382.0
351.0
595.0
644.0
569.0
564.0
294.0
-112.0
-76.0
-18.0
-385.0
-491.0
-347.0
634.0
425.0
175.0
-196.0
-551.0
-621.0
-821.0
-698.0
26.0
449.0
593.0
1210.0
1236.0
588.0
-112.0
-675.0
-877.0
-611.0
-86.0
523.0
785.0
1016.0
1122.0
234.0
-357.0
-349.0
-610.0
-375.0
274.0
653.0
504.0
357.0
732.0
709.0
296.0
-222.0
-466.0
-322.0
-330.0
-419.0
-550.0
-140.0
184.0
-138.0
374.0
911.0
742.0
881.0
1016.0
872.0
589.0
40.0
-937.0
-1289.0
-660.0
-364.0
151.0
912.0
1238.0
1250.0
468.0
-278.0
-196.0
-440.0
-626.0
-265.0
21.0
542.0
955.0
623.0
-42.0
-396.0
-906.0
-1064.0
-272.0
255.0
444.0
846.0
782.0
438.0
252.0
44.0
141.0
684.0
871.0
720.0
454.0
78.0
-313.0
-820.0
-1196.0
-978.0
-345.0
229.0
650.0
1123.0
1316.0
817.0
282.0
-62.0
-441.0
-868.0
-899.0
-285.0
333.0
726.0
875.0
751.0
653.0
109.0
-742.0
-423.0
130.0
12.0
184.0
382.0
351.0
595.0
644.0
569.0
564.0
294.0
-112.0
-76.0
-18.0
-385.0
-491.0
-347.0
-373.0
84.0
318.0
10.0
175.0
659.0
683.0
499.0
300.0
-108.0
-749.0
-687.0
-347.0
-18.0
680.0
801.0
833.0
1076.0
398.0
-153.0
-87.0
-518.0
-384.0
205.0
78.0
692.0
1465.0
613.0
-203.0
-337.0
-938.0
-996.0
-383.0
-74.0
542.0
1086.0
649.0
282.0
466.0
237.0
-136.0
126.0
490.0
242.0
-45.0
-134.0
-309.0
-556.0
-354.0
-377.0
-386.0
161.0
718.0
956.0
1392.0
1478.0
759.0
-171.0
-648.0
-886.0
-1026.0
-780.0
-191.0
776.0
1523.0
1385.0
951.0
63.0
-531.0
-709.0
-698.0
-86.0
-66.0
-104.0
203.0
464.0
471.0
400.0
340.0
113.0
13.0
-279.0
-162.0
324.0
125.0
195.0
267.0
-92.0
-161.0
90.0
472.0
884.0
1003.0
564.0
437.0
46.0
-770.0
-923.0
-754.0
-276.0
235.0
438.0
628.0
669.0
780.0
683.0
260.0
-74.0
-558.0
-1044.0
-859.0
53.0
686.0
807.0
604.0
391.0
249.0
-295.0
-507.0
-246.0
22.0
335.0
843.0
627.0
193.0
284.0
-210.0
-406.0
-373.0
84.0
318.0
10.0
175.0
659.0
683.0
499.0
300.0
-108.0
-749.0
-687.0
-347.0
-18.0
680.0
801.0
833.0
1076.0
398.0
-153.0
-87.0
-518.0
-384.0
205.0
78.0
692.0
1465.0
613.0
-203.0
-337.0
-938.0
-996.0
-383.0
-74.0
542.0
1086.0
649.0
282.0
466.0
237.0
-136.0
126.0
490.0
242.0
-45.0
-134.0
-309.0
-556.0
-354.0
-377.0
-386.0
161.0
718.0
956.0
1392.0
1478.0
759.0
-171.0
-648.0
-886.0
-1026.0
-780.0
-191.0
776.0
